TERR_xActor_sunlight _ _
TERR_lights_loc TERR_xActor_sunlight _ 0.000000 0.000000 -1.000000 0.000000 0.000000 1.000000 0.000000 0.000000 1.000000 0.000000 0.000000 0.000000 50.000000 -2.000000 0.000000 1.000000 1.000000 0.000000 0.000000 0.000000 0.000000 1.000000 0.000000 0.000000 0.000000 0.000000 1.000000 0.000000 0.000000 0.000000 0.000000 1.000000 
TERR_direct_light_sun TERR_lights_loc light TERR_direct_light_sunShape 0.000000 0.000000 1.000000 0.000000 0.645013 -0.764171 -0.000000 0.000000 0.764171 0.645013 -0.000000 0.000000 -4.799648 54.314912 -30.555221 1.000000 1.000000 0.000000 0.000000 0.000000 0.000000 1.000000 0.000000 0.000000 0.000000 0.000000 1.000000 0.000000 0.000000 0.000000 0.000000 1.000000 
TERR_direct_light_chamber TERR_lights_loc light TERR_direct_light_chamberShape 0.000000 0.000000 1.000000 0.000000 0.645013 -0.764171 -0.000000 0.000000 0.764171 0.645013 -0.000000 0.000000 -0.622822 8.475713 -0.008761 1.000000 1.000000 0.000000 0.000000 0.000000 0.000000 1.000000 0.000000 0.000000 0.000000 0.000000 1.000000 0.000000 0.000000 0.000000 0.000000 1.000000 
TERR_direct_light_golem TERR_lights_loc light TERR_direct_light_golemShape 0.000000 -0.000000 1.000000 0.000000 0.645018 -0.764168 -0.000000 0.000000 0.764168 0.645018 0.000000 0.000000 4.261671 8.994970 -48.170722 1.000000 1.000000 0.000000 0.000000 0.000000 0.000000 1.000000 0.000000 0.000000 0.000000 0.000000 1.000000 0.000000 0.000000 0.000000 0.000000 1.000000 
TERR_direct_light_chamber_exit TERR_lights_loc light TERR_direct_light_chamber_exitShape 0.000000 0.000000 1.000000 0.000000 0.645013 -0.764171 -0.000000 0.000000 0.764171 0.645013 -0.000000 0.000000 4.144142 3.287406 -23.978073 1.000000 1.000000 0.000000 0.000000 0.000000 0.000000 1.000000 0.000000 0.000000 0.000000 0.000000 1.000000 0.000000 0.000000 0.000000 0.000000 1.000000 
TERR_direct_light_chamber_exit2 TERR_lights_loc light TERR_direct_light_chamber_exit2Shape 0.000000 0.000000 1.000000 0.000000 0.645013 -0.764171 -0.000000 0.000000 0.764171 0.645013 -0.000000 0.000000 4.993804 3.287406 -33.057322 1.000000 1.000000 0.000000 0.000000 0.000000 0.000000 1.000000 0.000000 0.000000 0.000000 0.000000 1.000000 0.000000 0.000000 0.000000 0.000000 1.000000 
TERR_direct_light_pillar TERR_lights_loc light TERR_direct_light_pillarShape 0.000000 0.000000 1.000000 0.000000 0.645013 -0.764171 -0.000000 0.000000 0.764171 0.645013 -0.000000 0.000000 6.527557 9.299751 -61.757393 1.000000 1.000000 0.000000 0.000000 0.000000 0.000000 1.000000 0.000000 0.000000 0.000000 0.000000 1.000000 0.000000 0.000000 0.000000 0.000000 1.000000 
TERR_pointLight_torch TERR_lights_loc light TERR_pointLight_torchShape 1.000000 0.000000 0.000000 0.000000 0.000000 1.000000 0.000000 0.000000 0.000000 0.000000 1.000000 0.000000 3.436027 2.976038 -10.500000 1.000000 1.000000 0.000000 0.000000 0.000000 0.000000 1.000000 0.000000 0.000000 0.000000 0.000000 1.000000 0.000000 0.000000 0.000000 0.000000 1.000000 
TERR_emitter_torch TERR_pointLight_torch emitter TERR_emitter_torch 1.000000 0.000000 0.000000 0.000000 0.000000 1.000000 0.000000 0.000000 0.000000 0.000000 1.000000 0.000000 0.000000 0.000000 0.000000 1.000000 1.000000 0.000000 0.000000 0.000000 0.000000 1.000000 0.000000 0.000000 0.000000 0.000000 1.000000 0.000000 0.000000 0.000000 0.000000 1.000000 
TERR_pointLight_torch1 TERR_lights_loc light TERR_pointLight_torch1Shape 1.000000 0.000000 0.000000 0.000000 0.000000 1.000000 0.000000 0.000000 0.000000 0.000000 1.000000 0.000000 -3.436027 2.976038 -10.400000 1.000000 1.000000 0.000000 0.000000 0.000000 0.000000 1.000000 0.000000 0.000000 0.000000 0.000000 1.000000 0.000000 0.000000 0.000000 0.000000 1.000000 
TERR_emitter_torch1 TERR_pointLight_torch1 emitter TERR_emitter_torch1 1.000000 0.000000 0.000000 0.000000 0.000000 1.000000 0.000000 0.000000 0.000000 0.000000 1.000000 0.000000 0.000000 0.000000 0.000000 1.000000 1.000000 0.000000 0.000000 0.000000 0.000000 1.000000 0.000000 0.000000 0.000000 0.000000 1.000000 0.000000 0.000000 0.000000 0.000000 1.000000 
TERR_pointLight_torch2 TERR_lights_loc light TERR_pointLight_torch2Shape 1.000000 0.000000 0.000000 0.000000 0.000000 1.000000 0.000000 0.000000 0.000000 0.000000 1.000000 0.000000 -8.978000 3.013000 0.000000 1.000000 1.000000 0.000000 0.000000 0.000000 0.000000 1.000000 0.000000 0.000000 0.000000 0.000000 1.000000 0.000000 0.000000 0.000000 0.000000 1.000000 
TERR_emitter_torch2 TERR_pointLight_torch2 emitter TERR_emitter_torch2 1.000000 0.000000 0.000000 0.000000 0.000000 1.000000 0.000000 0.000000 0.000000 0.000000 1.000000 0.000000 0.000000 0.000000 0.000000 1.000000 1.000000 0.000000 0.000000 0.000000 0.000000 1.000000 0.000000 0.000000 0.000000 0.000000 1.000000 0.000000 0.000000 0.000000 0.000000 1.000000 
TERR_pointLight_torch3 TERR_lights_loc light TERR_pointLight_torch3Shape 1.000000 0.000000 0.000000 0.000000 0.000000 1.000000 0.000000 0.000000 0.000000 0.000000 1.000000 0.000000 8.978000 3.013000 -0.000000 1.000000 1.000000 0.000000 0.000000 0.000000 0.000000 1.000000 0.000000 0.000000 0.000000 0.000000 1.000000 0.000000 0.000000 0.000000 0.000000 1.000000 
TERR_emitter_torch3 TERR_pointLight_torch3 emitter TERR_emitter_torch3 1.000000 0.000000 0.000000 0.000000 0.000000 1.000000 0.000000 0.000000 0.000000 0.000000 1.000000 0.000000 0.000000 0.000000 0.000000 1.000000 1.000000 0.000000 0.000000 0.000000 0.000000 1.000000 0.000000 0.000000 0.000000 0.000000 1.000000 0.000000 0.000000 0.000000 0.000000 1.000000 
TERR_pointLight_torch4 TERR_lights_loc light TERR_pointLight_torch4Shape 1.000000 0.000000 0.000000 0.000000 0.000000 1.000000 0.000000 0.000000 0.000000 0.000000 1.000000 0.000000 -3.323010 2.562632 0.000476 1.000000 1.000000 0.000000 0.000000 0.000000 0.000000 1.000000 0.000000 0.000000 0.000000 0.000000 1.000000 0.000000 0.000000 0.000000 0.000000 1.000000 
TERR_emitter_torch4 TERR_pointLight_torch4 emitter TERR_emitter_torch4 1.000000 0.000000 0.000000 0.000000 0.000000 1.000000 0.000000 0.000000 0.000000 0.000000 1.000000 0.000000 0.000000 0.000000 0.000000 1.000000 1.000000 0.000000 0.000000 0.000000 0.000000 1.000000 0.000000 0.000000 0.000000 0.000000 1.000000 0.000000 0.000000 0.000000 0.000000 1.000000 
TERR_pointLight_torch5 TERR_lights_loc light TERR_pointLight_torch5Shape 1.000000 0.000000 0.000000 0.000000 0.000000 1.000000 0.000000 0.000000 0.000000 0.000000 1.000000 0.000000 -1.672892 2.572173 2.884096 1.000000 1.000000 0.000000 0.000000 0.000000 0.000000 1.000000 0.000000 0.000000 0.000000 0.000000 1.000000 0.000000 0.000000 0.000000 0.000000 1.000000 
TERR_emitter_torch5 TERR_pointLight_torch5 emitter TERR_emitter_torch5 1.000000 0.000000 0.000000 0.000000 0.000000 1.000000 0.000000 0.000000 0.000000 0.000000 1.000000 0.000000 0.000000 0.000000 0.000000 1.000000 1.000000 0.000000 0.000000 0.000000 0.000000 1.000000 0.000000 0.000000 0.000000 0.000000 1.000000 0.000000 0.000000 0.000000 0.000000 1.000000 
TERR_pointLight_torch6 TERR_lights_loc light TERR_pointLight_torch6Shape 1.000000 0.000000 0.000000 0.000000 0.000000 1.000000 0.000000 0.000000 0.000000 0.000000 1.000000 0.000000 1.671452 2.593238 2.897480 1.000000 1.000000 0.000000 0.000000 0.000000 0.000000 1.000000 0.000000 0.000000 0.000000 0.000000 1.000000 0.000000 0.000000 0.000000 0.000000 1.000000 
TERR_emitter_torch6 TERR_pointLight_torch6 emitter TERR_emitter_torch6 1.000000 0.000000 0.000000 0.000000 0.000000 1.000000 0.000000 0.000000 0.000000 0.000000 1.000000 0.000000 0.000000 0.000000 0.000000 1.000000 1.000000 0.000000 0.000000 0.000000 0.000000 1.000000 0.000000 0.000000 0.000000 0.000000 1.000000 0.000000 0.000000 0.000000 0.000000 1.000000 
TERR_pointLight_torch7 TERR_lights_loc light TERR_pointLight_torch7Shape 1.000000 0.000000 0.000000 0.000000 0.000000 1.000000 0.000000 0.000000 0.000000 0.000000 1.000000 0.000000 3.317555 2.578185 0.000476 1.000000 1.000000 0.000000 0.000000 0.000000 0.000000 1.000000 0.000000 0.000000 0.000000 0.000000 1.000000 0.000000 0.000000 0.000000 0.000000 1.000000 
TERR_emitter_torch7 TERR_pointLight_torch7 emitter TERR_emitter_torch7 1.000000 0.000000 0.000000 0.000000 0.000000 1.000000 0.000000 0.000000 0.000000 0.000000 1.000000 0.000000 0.000000 0.000000 0.000000 1.000000 1.000000 0.000000 0.000000 0.000000 0.000000 1.000000 0.000000 0.000000 0.000000 0.000000 1.000000 0.000000 0.000000 0.000000 0.000000 1.000000 
TERR_pointLight_torch8 TERR_lights_loc light TERR_pointLight_torch8Shape 1.000000 0.000000 0.000000 0.000000 0.000000 1.000000 0.000000 0.000000 0.000000 0.000000 1.000000 0.000000 -3.643593 1.124739 10.005150 1.000000 1.000000 0.000000 0.000000 0.000000 0.000000 1.000000 0.000000 0.000000 0.000000 0.000000 1.000000 0.000000 0.000000 0.000000 0.000000 1.000000 
TERR_emitter_torch8 TERR_pointLight_torch8 emitter TERR_emitter_torch8 1.000000 0.000000 0.000000 0.000000 0.000000 1.000000 0.000000 0.000000 0.000000 0.000000 1.000000 0.000000 0.000000 0.000000 0.000000 1.000000 1.000000 0.000000 0.000000 0.000000 0.000000 1.000000 0.000000 0.000000 0.000000 0.000000 1.000000 0.000000 0.000000 0.000000 0.000000 1.000000 
TERR_pointLight_torch9 TERR_lights_loc light TERR_pointLight_torch9Shape 1.000000 0.000000 0.000000 0.000000 0.000000 1.000000 0.000000 0.000000 0.000000 0.000000 1.000000 0.000000 3.536396 1.128828 9.857526 1.000000 1.000000 0.000000 0.000000 0.000000 0.000000 1.000000 0.000000 0.000000 0.000000 0.000000 1.000000 0.000000 0.000000 0.000000 0.000000 1.000000 
TERR_emitter_torch9 TERR_pointLight_torch9 emitter TERR_emitter_torch9 1.000000 0.000000 0.000000 0.000000 0.000000 1.000000 0.000000 0.000000 0.000000 0.000000 1.000000 0.000000 0.000000 0.000000 0.000000 1.000000 1.000000 0.000000 0.000000 0.000000 0.000000 1.000000 0.000000 0.000000 0.000000 0.000000 1.000000 0.000000 0.000000 0.000000 0.000000 1.000000 
TERR_xActor_crystal _ _
TERR_crystal_loc TERR_xActor_crystal _ 1.000000 0.000000 0.000000 0.000000 0.000000 1.000000 0.000000 0.000000 0.000000 0.000000 1.000000 0.000000 0.000000 0.000000 0.000000 1.000000 1.000000 0.000000 0.000000 0.000000 0.000000 1.000000 0.000000 0.000000 0.000000 0.000000 1.000000 0.000000 0.000000 0.000000 0.000000 1.000000 
TERR_crystal TERR_crystal_loc mesh TERR_crystalShape TERR_crystal_mat 1.000000 0.000000 0.000000 0.000000 0.000000 1.000000 0.000000 0.000000 0.000000 0.000000 1.000000 0.000000 50.000000 1.500000 0.000000 1.000000 1.000000 0.000000 0.000000 0.000000 0.000000 1.000000 0.000000 0.000000 0.000000 0.000000 1.000000 0.000000 0.000000 0.000000 0.000000 1.000000 
TERR_rope TERR_crystal mesh TERR_ropeShape TERR_cliffB_mat 1.000000 0.000000 0.000000 0.000000 0.000000 1.000000 0.000000 0.000000 0.000000 0.000000 1.000000 0.000000 0.000000 -5.000000 0.000000 1.000000 1.000000 0.000000 0.000000 0.000000 0.000000 1.000000 0.000000 0.000000 0.000000 0.000000 1.000000 0.000000 0.000000 0.000000 0.000000 1.000000 
TERR_pointLight_crystal TERR_crystal light TERR_pointLight_crystalShape 1.000000 0.000000 0.000000 0.000000 0.000000 1.000000 0.000000 0.000000 0.000000 0.000000 1.000000 0.000000 0.000000 0.000000 0.000000 1.000000 1.000000 0.000000 0.000000 0.000000 0.000000 1.000000 0.000000 0.000000 0.000000 0.000000 1.000000 0.000000 0.000000 0.000000 0.000000 1.000000 
TERR_xActor_trap _ _
TERR_trap_loc TERR_xActor_trap _ 1.000000 0.000000 0.000000 0.000000 0.000000 1.000000 0.000000 0.000000 0.000000 0.000000 1.000000 0.000000 0.000000 0.000000 0.000000 1.000000 1.000000 0.000000 0.000000 0.000000 0.000000 1.000000 0.000000 0.000000 0.000000 0.000000 1.000000 0.000000 0.000000 0.000000 0.000000 1.000000 
TERR_trap_stone TERR_trap_loc mesh TERR_trap_stoneShape TERR_stone_golem_start_mat 1.000000 0.000000 0.000000 0.000000 0.000000 1.000000 0.000000 0.000000 0.000000 0.000000 1.000000 0.000000 40.959913 -2.090000 -0.254819 1.000000 1.000000 0.000000 0.000000 0.000000 0.000000 1.000000 0.000000 0.000000 0.000000 0.000000 1.000000 0.000000 0.000000 0.000000 0.000000 1.000000 
TERR_xActor_pilon _ _
TERR_pilon_broken TERR_xActor_pilon _ -0.038873 0.000000 0.999244 0.000000 0.000000 1.000000 0.000000 0.000000 -0.999244 0.000000 -0.038873 0.000000 -15.453624 0.000000 -7.271856 1.000000 1.000000 0.000000 0.000000 0.000000 0.000000 1.000000 0.000000 0.000000 0.000000 0.000000 1.000000 0.000000 0.000000 0.000000 0.000000 1.000000 
TERR_gate TERR_pilon_broken _ 1.000000 0.000000 0.000000 0.000000 0.000000 1.000000 0.000000 0.000000 0.000000 0.000000 1.000000 0.000000 0.000000 12.000000 0.000000 1.000000 1.000000 0.000000 0.000000 0.000000 0.000000 1.000000 0.000000 0.000000 0.000000 0.000000 1.000000 0.000000 0.000000 0.000000 0.000000 1.000000 
TERR_gate_block1 TERR_gate mesh TERR_gate_block1Shape TERR_pilon_broken_small_mat -0.018919 0.013576 0.999729 0.000000 0.019813 0.999717 -0.013201 0.000000 -0.999625 0.019558 -0.019182 0.000000 0.002208 2.404913 -0.737469 1.000000 1.000000 0.000000 0.000000 0.000000 0.000000 1.000000 0.000000 0.000000 0.000000 0.000000 1.000000 0.000000 0.000000 0.000000 0.000000 1.000000 
TERR_gate_block2 TERR_gate mesh TERR_gate_block2Shape TERR_pilon_broken_small_mat -0.000165 0.005623 0.999984 0.000000 -0.007738 0.999954 -0.005624 0.000000 -0.999970 -0.007739 -0.000121 0.000000 -0.126424 2.825837 -1.950787 1.000000 1.000000 0.000000 0.000000 0.000000 0.000000 1.000000 0.000000 0.000000 0.000000 0.000000 1.000000 0.000000 0.000000 0.000000 0.000000 1.000000 
TERR_gate_block3 TERR_gate mesh TERR_gate_block3Shape TERR_pilon_broken_small_mat -0.017344 -0.008442 0.999814 0.000000 0.012929 0.999879 0.008667 0.000000 -0.999766 0.013077 -0.017233 0.000000 0.004130 0.331795 -1.177734 1.000000 1.000000 0.000000 0.000000 0.000000 0.000000 1.000000 0.000000 0.000000 0.000000 0.000000 1.000000 0.000000 0.000000 0.000000 0.000000 1.000000 
TERR_gate_block4 TERR_gate mesh TERR_gate_block4Shape TERR_pilon_broken_small_mat 0.007801 0.001855 0.999968 0.000000 0.010388 0.999944 -0.001936 0.000000 -0.999916 0.010403 0.007782 0.000000 -0.002480 3.207030 -1.010540 1.000000 1.000000 0.000000 0.000000 0.000000 0.000000 1.000000 0.000000 0.000000 0.000000 0.000000 1.000000 0.000000 0.000000 0.000000 0.000000 1.000000 
TERR_gate_block5 TERR_gate mesh TERR_gate_block5Shape TERR_pilon_broken_small_mat -0.014270 -0.025200 0.999581 0.000000 0.011731 0.999609 0.025368 0.000000 -0.999829 0.012088 -0.013969 0.000000 0.003368 0.322518 -1.980299 1.000000 1.000000 0.000000 0.000000 0.000000 0.000000 1.000000 0.000000 0.000000 0.000000 0.000000 1.000000 0.000000 0.000000 0.000000 0.000000 1.000000 
TERR_gate_block6 TERR_gate mesh TERR_gate_block6Shape TERR_pilon_broken_small_mat -0.015462 -0.018200 0.999715 0.000000 -0.021021 0.999619 0.017873 0.000000 -0.999659 -0.020739 -0.015839 0.000000 -0.006531 0.871399 -1.073223 1.000000 1.000000 0.000000 0.000000 0.000000 0.000000 1.000000 0.000000 0.000000 0.000000 0.000000 1.000000 0.000000 0.000000 0.000000 0.000000 1.000000 
TERR_gate_block7 TERR_gate mesh TERR_gate_block7Shape TERR_pilon_broken_small_mat -0.007114 -0.014508 0.999869 0.000000 -0.012142 0.999822 0.014421 0.000000 -0.999901 -0.012038 -0.007289 0.000000 -0.004505 0.250100 -2.650570 1.000000 1.000000 0.000000 0.000000 0.000000 0.000000 1.000000 0.000000 0.000000 0.000000 0.000000 1.000000 0.000000 0.000000 0.000000 0.000000 1.000000 
TERR_gate_block8 TERR_gate mesh TERR_gate_block8Shape TERR_pilon_broken_small_mat -0.005033 0.014010 -0.999889 0.000000 0.001471 0.999901 0.014003 0.000000 0.999986 -0.001400 -0.005053 0.000000 0.101523 0.654841 -2.619352 1.000000 1.000000 0.000000 0.000000 0.000000 0.000000 1.000000 0.000000 0.000000 0.000000 0.000000 1.000000 0.000000 0.000000 0.000000 0.000000 1.000000 
TERR_gate_block9 TERR_gate mesh TERR_gate_block9Shape TERR_pilon_broken_small_mat -0.000272 0.016967 -0.999856 0.000000 -0.013096 0.999770 0.016969 0.000000 0.999914 0.013099 -0.000050 0.000000 0.296554 0.879607 -2.005581 1.000000 1.000000 0.000000 0.000000 0.000000 0.000000 1.000000 0.000000 0.000000 0.000000 0.000000 1.000000 0.000000 0.000000 0.000000 0.000000 1.000000 
TERR_gate_block10 TERR_gate mesh TERR_gate_block10Shape TERR_pilon_broken_small_mat 0.008803 0.023299 0.999690 0.000000 0.019863 0.999527 -0.023471 0.000000 -0.999764 0.020063 0.008336 0.000000 0.343360 1.355362 -1.669346 1.000000 1.000000 0.000000 0.000000 0.000000 0.000000 1.000000 0.000000 0.000000 0.000000 0.000000 1.000000 0.000000 0.000000 0.000000 0.000000 1.000000 
TERR_gate_block11 TERR_gate mesh TERR_gate_block11Shape TERR_pilon_broken_small_mat 0.999524 0.025342 0.017602 0.000000 -0.024914 0.999399 -0.024117 0.000000 -0.018203 0.023667 0.999554 0.000000 0.063326 3.195648 -0.559256 1.000000 1.000000 0.000000 0.000000 0.000000 0.000000 1.000000 0.000000 0.000000 0.000000 0.000000 1.000000 0.000000 0.000000 0.000000 0.000000 1.000000 
TERR_gate_block12 TERR_gate mesh TERR_gate_block12Shape TERR_pilon_broken_small_mat 0.999525 0.017618 0.025270 0.000000 -0.017054 0.999605 -0.022352 0.000000 -0.025654 0.021911 0.999431 0.000000 -0.298413 2.397376 -1.083936 1.000000 1.000000 0.000000 0.000000 0.000000 0.000000 1.000000 0.000000 0.000000 0.000000 0.000000 1.000000 0.000000 0.000000 0.000000 0.000000 1.000000 
TERR_gate_block13 TERR_gate mesh TERR_gate_block13Shape TERR_pilon_broken_small_mat -0.009945 0.008808 0.999912 0.000000 0.019035 0.999782 -0.008617 0.000000 -0.999769 0.018947 -0.010110 0.000000 -0.116452 1.338804 -2.594760 1.000000 1.000000 0.000000 0.000000 0.000000 0.000000 1.000000 0.000000 0.000000 0.000000 0.000000 1.000000 0.000000 0.000000 0.000000 0.000000 1.000000 
TERR_gate_block14 TERR_gate mesh TERR_gate_block14Shape TERR_pilon_broken_small_mat -0.009768 -0.003674 -0.999946 0.000000 0.022339 0.999743 -0.003891 0.000000 0.999703 -0.022376 -0.009683 0.000000 -0.352818 2.401484 -2.227618 1.000000 1.000000 0.000000 0.000000 0.000000 0.000000 1.000000 0.000000 0.000000 0.000000 0.000000 1.000000 0.000000 0.000000 0.000000 0.000000 1.000000 
TERR_gate_block15 TERR_gate mesh TERR_gate_block15Shape TERR_pilon_broken_small_mat 0.019868 0.015467 -0.999683 0.000000 0.012615 0.999797 0.015719 0.000000 0.999723 -0.012923 0.019669 0.000000 -0.277624 2.804895 -0.638314 1.000000 1.000000 0.000000 0.000000 0.000000 0.000000 1.000000 0.000000 0.000000 0.000000 0.000000 1.000000 0.000000 0.000000 0.000000 0.000000 1.000000 
TERR_gate_block16 TERR_gate mesh TERR_gate_block16Shape TERR_pilon_broken_small_mat 0.001919 -0.005407 0.999984 0.000000 0.999774 -0.021157 -0.002033 0.000000 0.021168 0.999762 0.005365 0.000000 -0.144023 0.851896 -2.629530 1.000000 1.000000 0.000000 0.000000 0.000000 0.000000 1.000000 0.000000 0.000000 0.000000 0.000000 1.000000 0.000000 0.000000 0.000000 0.000000 1.000000 
TERR_gate_block17 TERR_gate mesh TERR_gate_block17Shape TERR_pilon_broken_small_mat -0.007806 -0.015266 -0.999853 0.000000 0.002414 0.999880 -0.015285 0.000000 0.999967 -0.002533 -0.007769 0.000000 0.000807 2.809284 -1.209896 1.000000 1.000000 0.000000 0.000000 0.000000 0.000000 1.000000 0.000000 0.000000 0.000000 0.000000 1.000000 0.000000 0.000000 0.000000 0.000000 1.000000 
TERR_gate_block18 TERR_gate mesh TERR_gate_block18Shape TERR_pilon_broken_small_mat -0.010011 0.004758 -0.999939 0.000000 -0.009216 0.999946 0.004850 0.000000 0.999907 0.009264 -0.009967 0.000000 -0.202485 1.895852 -2.057379 1.000000 1.000000 0.000000 0.000000 0.000000 0.000000 1.000000 0.000000 0.000000 0.000000 0.000000 1.000000 0.000000 0.000000 0.000000 0.000000 1.000000 
TERR_gate_block19 TERR_gate mesh TERR_gate_block19Shape TERR_pilon_broken_small_mat -0.005510 0.019655 -0.999792 0.000000 0.004005 -0.999798 -0.019678 0.000000 -0.999977 -0.004113 0.005430 0.000000 0.303738 2.407153 -1.204455 1.000000 1.000000 0.000000 0.000000 0.000000 0.000000 1.000000 0.000000 0.000000 0.000000 0.000000 1.000000 0.000000 0.000000 0.000000 0.000000 1.000000 
TERR_gate_block20 TERR_gate mesh TERR_gate_block20Shape TERR_pilon_broken_small_mat -0.018883 0.000931 -0.999821 0.000000 -0.013974 0.999902 0.001195 0.000000 0.999724 0.013994 -0.018868 0.000000 -0.306621 2.394600 -1.632420 1.000000 1.000000 0.000000 0.000000 0.000000 0.000000 1.000000 0.000000 0.000000 0.000000 0.000000 1.000000 0.000000 0.000000 0.000000 0.000000 1.000000 
TERR_gate_block21 TERR_gate mesh TERR_gate_block21Shape TERR_pilon_broken_small_mat 0.006597 -0.024334 -0.999682 0.000000 -0.017087 0.999555 -0.024444 0.000000 0.999832 0.017243 0.006178 0.000000 0.245055 1.356231 -2.199150 1.000000 1.000000 0.000000 0.000000 0.000000 0.000000 1.000000 0.000000 0.000000 0.000000 0.000000 1.000000 0.000000 0.000000 0.000000 0.000000 1.000000 
TERR_gate_block22 TERR_gate mesh TERR_gate_block22Shape TERR_pilon_broken_small_mat 0.003617 0.001187 -0.999993 0.000000 0.011794 0.999930 0.001230 0.000000 0.999924 -0.011799 0.003603 0.000000 -0.353621 0.875914 -1.749585 1.000000 1.000000 0.000000 0.000000 0.000000 0.000000 1.000000 0.000000 0.000000 0.000000 0.000000 1.000000 0.000000 0.000000 0.000000 0.000000 1.000000 
TERR_gate_block23 TERR_gate mesh TERR_gate_block23Shape TERR_pilon_broken_small_mat -0.016222 0.025822 -0.999535 0.000000 0.011664 0.999603 0.025634 0.000000 0.999800 -0.011243 -0.016517 0.000000 -0.347767 1.350064 -1.577347 1.000000 1.000000 0.000000 0.000000 0.000000 0.000000 1.000000 0.000000 0.000000 0.000000 0.000000 1.000000 0.000000 0.000000 0.000000 0.000000 1.000000 
TERR_gate_block24 TERR_gate mesh TERR_gate_block24Shape TERR_pilon_broken_small_mat -0.008339 -0.025824 0.999632 0.000000 -0.999856 0.014968 -0.007955 0.000000 -0.014757 -0.999554 -0.025945 0.000000 -0.345403 1.893172 -1.347171 1.000000 1.000000 0.000000 0.000000 0.000000 0.000000 1.000000 0.000000 0.000000 0.000000 0.000000 1.000000 0.000000 0.000000 0.000000 0.000000 1.000000 
TERR_gate_block25 TERR_gate mesh TERR_gate_block25Shape TERR_pilon_broken_small_mat 0.013793 -0.999856 -0.009873 0.000000 -0.009081 0.009748 -0.999911 0.000000 0.999864 0.013882 -0.008945 0.000000 0.352187 1.356645 -1.161426 1.000000 1.000000 0.000000 0.000000 0.000000 0.000000 1.000000 0.000000 0.000000 0.000000 0.000000 1.000000 0.000000 0.000000 0.000000 0.000000 1.000000 
TERR_gate_block26 TERR_gate mesh TERR_gate_block26Shape TERR_pilon_broken_small_mat -0.003513 -0.999816 0.018878 0.000000 0.999843 -0.003183 0.017454 0.000000 -0.017390 0.018937 0.999669 0.000000 -0.247523 1.350124 -2.147597 1.000000 1.000000 0.000000 0.000000 0.000000 0.000000 1.000000 0.000000 0.000000 0.000000 0.000000 1.000000 0.000000 0.000000 0.000000 0.000000 1.000000 
TERR_gate_block27 TERR_gate mesh TERR_gate_block27Shape TERR_pilon_broken_small_mat 0.999824 -0.010221 0.015758 0.000000 0.010156 0.999939 0.004228 0.000000 -0.015800 -0.004067 0.999867 0.000000 0.143358 1.899110 -1.083785 1.000000 1.000000 0.000000 0.000000 0.000000 0.000000 1.000000 0.000000 0.000000 0.000000 0.000000 1.000000 0.000000 0.000000 0.000000 0.000000 1.000000 
TERR_gate_block28 TERR_gate mesh TERR_gate_block28Shape TERR_pilon_broken_small_mat 0.009301 -0.006850 0.999933 0.000000 0.013214 0.999890 0.006727 0.000000 -0.999869 0.013151 0.009391 0.000000 -0.156820 1.338734 -0.972742 1.000000 1.000000 0.000000 0.000000 0.000000 0.000000 1.000000 0.000000 0.000000 0.000000 0.000000 1.000000 0.000000 0.000000 0.000000 0.000000 1.000000 
TERR_gate_block29 TERR_gate mesh TERR_gate_block29Shape TERR_pilon_broken_small_mat -0.007806 -0.015266 -0.999853 0.000000 0.002414 0.999880 -0.015285 0.000000 0.999967 -0.002533 -0.007769 0.000000 0.000807 2.809284 -1.209896 1.000000 1.000000 0.000000 0.000000 0.000000 0.000000 1.000000 0.000000 0.000000 0.000000 0.000000 1.000000 0.000000 0.000000 0.000000 0.000000 1.000000 
TERR_pillon TERR_pilon_broken _ 1.000000 0.000000 0.000000 0.000000 0.000000 1.000000 0.000000 0.000000 0.000000 0.000000 1.000000 0.000000 0.000000 0.000000 0.000000 1.000000 1.000000 0.000000 0.000000 0.000000 0.000000 1.000000 0.000000 0.000000 0.000000 0.000000 1.000000 0.000000 0.000000 0.000000 0.000000 1.000000 
TERR_bp_block4 TERR_pillon mesh TERR_bp_blockckkp_block3Shape4 TERR_pilon_broken_small_mat 1.000000 0.000000 0.000000 0.000000 0.000000 1.000000 0.000000 0.000000 0.000000 0.000000 1.000000 0.000000 0.000004 9.920000 2.000000 1.000000 1.000000 0.000000 0.000000 0.000000 0.000000 1.000000 0.000000 0.000000 0.000000 0.000000 1.000000 0.000000 0.000000 0.000000 0.000000 1.000000 
TERR_bp_block5 TERR_pillon mesh TERR_bp_blockckkp_block1Shape5 TERR_pilon_broken_small_mat 1.000000 0.000000 0.000000 0.000000 0.000000 1.000000 0.000000 0.000000 0.000000 0.000000 1.000000 0.000000 0.565000 10.050000 1.900000 1.000000 1.000000 0.000000 0.000000 0.000000 0.000000 1.000000 0.000000 0.000000 0.000000 0.000000 1.000000 0.000000 0.000000 0.000000 0.000000 1.000000 
TERR_bp_block6 TERR_pillon mesh TERR_bp_blockckkp_block2Shape6 TERR_pilon_broken_small_mat 1.000000 0.000000 0.000000 0.000000 0.000000 1.000000 0.000000 0.000000 0.000000 0.000000 1.000000 0.000000 -0.565000 10.050000 1.900000 1.000000 1.000000 0.000000 0.000000 0.000000 0.000000 1.000000 0.000000 0.000000 0.000000 0.000000 1.000000 0.000000 0.000000 0.000000 0.000000 1.000000 
TERR_bp_block40 TERR_pillon mesh TERR_bp_blockckk30Shape40 TERR_pilon_broken_small_mat -0.999879 0.014120 -0.006518 0.000000 0.014217 0.999787 -0.014964 0.000000 0.006306 -0.015055 -0.999867 0.000000 -0.547039 7.632536 -0.230923 1.000000 1.000000 0.000000 0.000000 0.000000 0.000000 1.000000 0.000000 0.000000 0.000000 0.000000 1.000000 0.000000 0.000000 0.000000 0.000000 1.000000 
TERR_bp_block41 TERR_pillon mesh TERR_bp_blockckk31Shape41 TERR_pilon_broken_small_mat -0.999640 0.023716 -0.012552 0.000000 0.024024 0.999399 -0.025006 0.000000 0.011951 -0.025299 -0.999608 0.000000 -0.316184 7.623664 -1.194067 1.000000 1.000000 0.000000 0.000000 0.000000 0.000000 1.000000 0.000000 0.000000 0.000000 0.000000 1.000000 0.000000 0.000000 0.000000 0.000000 1.000000 
TERR_bp_block42 TERR_pillon mesh TERR_bp_blockckk42Shape42 TERR_pilon_broken_small_mat -0.999972 0.005193 -0.005432 0.000000 0.005234 0.999958 -0.007588 0.000000 0.005393 -0.007616 -0.999956 0.000000 -0.524815 8.472979 -0.695317 1.000000 1.000000 0.000000 0.000000 0.000000 0.000000 1.000000 0.000000 0.000000 0.000000 0.000000 1.000000 0.000000 0.000000 0.000000 0.000000 1.000000 
TERR_bp_block43 TERR_pillon mesh TERR_bp_blockckk34Shape43 TERR_pilon_broken_small_mat -0.999735 -0.016096 -0.016482 0.000000 -0.016363 0.999736 0.016159 0.000000 0.016217 0.016424 -0.999734 0.000000 -0.337689 8.479088 -1.355708 1.000000 1.000000 0.000000 0.000000 0.000000 0.000000 1.000000 0.000000 0.000000 0.000000 0.000000 1.000000 0.000000 0.000000 0.000000 0.000000 1.000000 
TERR_bp_block44 TERR_pillon mesh TERR_bp_blockckk35Shape44 TERR_pilon_broken_small_mat -0.999909 -0.006289 -0.011930 0.000000 -0.006502 0.999819 0.017859 0.000000 0.011816 0.017935 -0.999769 0.000000 -0.410337 9.234526 -1.208436 1.000000 1.000000 0.000000 0.000000 0.000000 0.000000 1.000000 0.000000 0.000000 0.000000 0.000000 1.000000 0.000000 0.000000 0.000000 0.000000 1.000000 
TERR_bp_block45 TERR_pillon mesh TERR_bp_blockckk33Shape45 TERR_pilon_broken_small_mat -0.999930 -0.005969 0.010261 0.000000 -0.005900 0.999960 0.006747 0.000000 -0.010301 0.006686 -0.999925 0.000000 0.396369 7.630772 -0.675417 1.000000 1.000000 0.000000 0.000000 0.000000 0.000000 1.000000 0.000000 0.000000 0.000000 0.000000 1.000000 0.000000 0.000000 0.000000 0.000000 1.000000 
TERR_bp_block46 TERR_pillon mesh TERR_bp_blockckk32Shape46 TERR_pilon_broken_small_mat -0.999579 -0.025014 0.014704 0.000000 -0.024819 0.999604 0.013278 0.000000 -0.015030 0.012908 -0.999804 0.000000 0.324612 8.489425 -1.204070 1.000000 1.000000 0.000000 0.000000 0.000000 0.000000 1.000000 0.000000 0.000000 0.000000 0.000000 1.000000 0.000000 0.000000 0.000000 0.000000 1.000000 
TERR_bp_block47 TERR_pillon mesh TERR_bp_blockckk37Shape47 TERR_pilon_broken_small_mat -0.999680 0.022281 0.011946 0.000000 0.022306 0.999749 0.001926 0.000000 -0.011900 0.002192 -0.999927 0.000000 0.221022 9.228127 -1.191125 1.000000 1.000000 0.000000 0.000000 0.000000 0.000000 1.000000 0.000000 0.000000 0.000000 0.000000 1.000000 0.000000 0.000000 0.000000 0.000000 1.000000 
TERR_bp_block1 TERR_pillon mesh TERR_bp_block1Shape TERR_pilon_broken_small_mat -1.000000 0.000000 -0.000000 0.000000 0.000000 1.000000 0.000000 0.000000 0.000000 0.000000 -1.000000 0.000000 -0.565000 10.050000 -1.900000 1.000000 1.000000 0.000000 0.000000 0.000000 0.000000 1.000000 0.000000 0.000000 0.000000 0.000000 1.000000 0.000000 0.000000 0.000000 0.000000 1.000000 
TERR_bp_block2 TERR_pillon mesh TERR_bp_block2Shape TERR_pilon_broken_small_mat -1.000000 0.000000 -0.000000 0.000000 0.000000 1.000000 0.000000 0.000000 0.000000 0.000000 -1.000000 0.000000 0.565000 10.050000 -1.900000 1.000000 1.000000 0.000000 0.000000 0.000000 0.000000 1.000000 0.000000 0.000000 0.000000 0.000000 1.000000 0.000000 0.000000 0.000000 0.000000 1.000000 
TERR_bp_block3 TERR_pillon mesh TERR_bp_block3Shape TERR_pilon_broken_small_mat -1.000000 0.000000 -0.000000 0.000000 0.000000 1.000000 0.000000 0.000000 0.000000 0.000000 -1.000000 0.000000 0.000004 9.920000 -2.000000 1.000000 1.000000 0.000000 0.000000 0.000000 0.000000 1.000000 0.000000 0.000000 0.000000 0.000000 1.000000 0.000000 0.000000 0.000000 0.000000 1.000000 
TERR_bp_block7 TERR_pillon mesh TERR_bp_block7Shape TERR_pilon_broken_small_mat -1.000000 0.000000 -0.000000 0.000000 0.000000 1.000000 0.000000 0.000000 0.000000 0.000000 -1.000000 0.000000 -0.330000 3.200000 -1.360000 1.000000 1.000000 0.000000 0.000000 0.000000 0.000000 1.000000 0.000000 0.000000 0.000000 0.000000 1.000000 0.000000 0.000000 0.000000 0.000000 1.000000 
TERR_bp_block8 TERR_pillon mesh TERR_bp_block8Shape TERR_pilon_broken_small_mat -1.000000 0.000000 -0.000000 0.000000 0.000000 1.000000 0.000000 0.000000 0.000000 0.000000 -1.000000 0.000000 -0.420000 3.940000 -1.200000 1.000000 1.000000 0.000000 0.000000 0.000000 0.000000 1.000000 0.000000 0.000000 0.000000 0.000000 1.000000 0.000000 0.000000 0.000000 0.000000 1.000000 
TERR_bp_block9 TERR_pillon mesh TERR_bp_block9Shape TERR_pilon_broken_small_mat -1.000000 0.000000 -0.000000 0.000000 0.000000 1.000000 0.000000 0.000000 0.000000 0.000000 -1.000000 0.000000 0.220000 3.940000 -1.200000 1.000000 1.000000 0.000000 0.000000 0.000000 0.000000 1.000000 0.000000 0.000000 0.000000 0.000000 1.000000 0.000000 0.000000 0.000000 0.000000 1.000000 
TERR_bp_block10 TERR_pillon mesh TERR_bp_block10Shape TERR_pilon_broken_small_mat -1.000000 0.000000 -0.000000 0.000000 0.000000 1.000000 0.000000 0.000000 0.000000 0.000000 -1.000000 0.000000 -0.360000 3.940000 -1.960000 1.000000 1.000000 0.000000 0.000000 0.000000 0.000000 1.000000 0.000000 0.000000 0.000000 0.000000 1.000000 0.000000 0.000000 0.000000 0.000000 1.000000 
TERR_bp_block11 TERR_pillon mesh TERR_bp_block11Shape TERR_pilon_broken_small_mat -1.000000 0.000000 -0.000000 0.000000 0.000000 1.000000 0.000000 0.000000 0.000000 0.000000 -1.000000 0.000000 -0.099996 3.940000 -2.480000 1.000000 1.000000 0.000000 0.000000 0.000000 0.000000 1.000000 0.000000 0.000000 0.000000 0.000000 1.000000 0.000000 0.000000 0.000000 0.000000 1.000000 
TERR_bp_block12 TERR_pillon mesh TERR_bp_block12Shape TERR_pilon_broken_small_mat 1.000000 0.000000 0.000000 0.000000 0.000000 1.000000 0.000000 0.000000 0.000000 0.000000 1.000000 0.000000 0.250000 3.650000 -1.000000 1.000000 1.000000 0.000000 0.000000 0.000000 0.000000 1.000000 0.000000 0.000000 0.000000 0.000000 1.000000 0.000000 0.000000 0.000000 0.000000 1.000000 
TERR_bp_block13 TERR_pillon mesh TERR_bp_block13Shape TERR_pilon_broken_small_mat -0.999617 0.025068 0.011713 0.000000 0.024853 0.999527 -0.018125 0.000000 -0.012162 -0.017827 -0.999767 0.000000 -0.555817 4.999323 -0.234512 1.000000 1.000000 0.000000 0.000000 0.000000 0.000000 1.000000 0.000000 0.000000 0.000000 0.000000 1.000000 0.000000 0.000000 0.000000 0.000000 1.000000 
TERR_bp_block14 TERR_pillon mesh TERR_bp_block14Shape TERR_pilon_broken_small_mat -0.999724 0.019638 0.012862 0.000000 0.019780 0.999744 0.010968 0.000000 -0.012644 0.011220 -0.999857 0.000000 -0.329464 4.975922 -1.204694 1.000000 1.000000 0.000000 0.000000 0.000000 0.000000 1.000000 0.000000 0.000000 0.000000 0.000000 1.000000 0.000000 0.000000 0.000000 0.000000 1.000000 
TERR_bp_block15 TERR_pillon mesh TERR_bp_block15Shape TERR_pilon_broken_small_mat -0.999993 -0.002924 -0.002323 0.000000 -0.002944 0.999959 0.008541 0.000000 0.002297 0.008548 -0.999961 0.000000 0.333295 5.827629 -1.203884 1.000000 1.000000 0.000000 0.000000 0.000000 0.000000 1.000000 0.000000 0.000000 0.000000 0.000000 1.000000 0.000000 0.000000 0.000000 0.000000 1.000000 
TERR_bp_block16 TERR_pillon mesh TERR_bp_block16Shape TERR_pilon_broken_small_mat -0.999826 -0.018154 -0.004351 0.000000 -0.018256 0.999528 0.024717 0.000000 0.003900 0.024792 -0.999685 0.000000 0.403910 4.994020 -0.682192 1.000000 1.000000 0.000000 0.000000 0.000000 0.000000 1.000000 0.000000 0.000000 0.000000 0.000000 1.000000 0.000000 0.000000 0.000000 0.000000 1.000000 
TERR_bp_block17 TERR_pillon mesh TERR_bp_block17Shape TERR_pilon_broken_small_mat -0.999888 -0.010105 -0.011080 0.000000 -0.009970 0.999876 -0.012195 0.000000 0.011202 -0.012083 -0.999864 0.000000 -0.321835 5.841883 -1.367114 1.000000 1.000000 0.000000 0.000000 0.000000 0.000000 1.000000 0.000000 0.000000 0.000000 0.000000 1.000000 0.000000 0.000000 0.000000 0.000000 1.000000 
TERR_bp_block18 TERR_pillon mesh TERR_bp_block18Shape TERR_pilon_broken_small_mat -0.999866 0.012260 0.010885 0.000000 0.012286 0.999922 0.002308 0.000000 -0.010856 0.002441 -0.999938 0.000000 -0.427742 6.567789 -1.191825 1.000000 1.000000 0.000000 0.000000 0.000000 0.000000 1.000000 0.000000 0.000000 0.000000 0.000000 1.000000 0.000000 0.000000 0.000000 0.000000 1.000000 
TERR_bp_block19 TERR_pillon mesh TERR_bp_block19Shape TERR_pilon_broken_small_mat -0.999899 -0.013723 -0.003611 0.000000 -0.013677 0.999831 -0.012277 0.000000 0.003778 -0.012226 -0.999918 0.000000 0.503016 4.982622 -1.853744 1.000000 1.000000 0.000000 0.000000 0.000000 0.000000 1.000000 0.000000 0.000000 0.000000 0.000000 1.000000 0.000000 0.000000 0.000000 0.000000 1.000000 
TERR_bp_block20 TERR_pillon mesh TERR_bp_block20Shape TERR_pilon_broken_small_mat -0.999897 -0.003097 0.014006 0.000000 -0.003444 0.999687 -0.024785 0.000000 -0.013925 -0.024831 -0.999595 0.000000 0.222168 6.572771 -1.200901 1.000000 1.000000 0.000000 0.000000 0.000000 0.000000 1.000000 0.000000 0.000000 0.000000 0.000000 1.000000 0.000000 0.000000 0.000000 0.000000 1.000000 
TERR_bp_block21 TERR_pillon mesh TERR_bp_block21Shape TERR_pilon_broken_small_mat -0.999770 -0.012594 0.017376 0.000000 -0.012936 0.999722 -0.019710 0.000000 -0.017123 -0.019931 -0.999655 0.000000 -0.552363 4.871997 -2.005157 1.000000 1.000000 0.000000 0.000000 0.000000 0.000000 1.000000 0.000000 0.000000 0.000000 0.000000 1.000000 0.000000 0.000000 0.000000 0.000000 1.000000 
TERR_bp_block22 TERR_pillon mesh TERR_bp_block22Shape TERR_pilon_broken_small_mat -0.999901 0.006237 0.012618 0.000000 0.006104 0.999926 -0.010544 0.000000 -0.012683 -0.010466 -0.999865 0.000000 0.002067 4.682630 -2.572556 1.000000 1.000000 0.000000 0.000000 0.000000 0.000000 1.000000 0.000000 0.000000 0.000000 0.000000 1.000000 0.000000 0.000000 0.000000 0.000000 1.000000 
TERR_bp_block23 TERR_pillon mesh TERR_bp_block23Shape TERR_pilon_broken_small_mat -0.999989 -0.002307 0.004034 0.000000 -0.002265 0.999943 0.010403 0.000000 -0.004058 0.010393 -0.999938 0.000000 0.526386 5.830164 -0.186765 1.000000 1.000000 0.000000 0.000000 0.000000 0.000000 1.000000 0.000000 0.000000 0.000000 0.000000 1.000000 0.000000 0.000000 0.000000 0.000000 1.000000 
TERR_bp_block24 TERR_pillon mesh TERR_bp_block24Shape TERR_pilon_broken_small_mat -0.999746 0.020566 0.009194 0.000000 0.020534 0.999783 -0.003587 0.000000 -0.009266 -0.003397 -0.999951 0.000000 0.441061 5.849441 -1.964305 1.000000 1.000000 0.000000 0.000000 0.000000 0.000000 1.000000 0.000000 0.000000 0.000000 0.000000 1.000000 0.000000 0.000000 0.000000 0.000000 1.000000 
TERR_bp_block25 TERR_pillon mesh TERR_bp_block25Shape TERR_pilon_broken_small_mat -0.999912 -0.004578 -0.012490 0.000000 -0.004656 0.999970 0.006248 0.000000 0.012461 0.006305 -0.999902 0.000000 -0.532736 5.848555 -0.692069 1.000000 1.000000 0.000000 0.000000 0.000000 0.000000 1.000000 0.000000 0.000000 0.000000 0.000000 1.000000 0.000000 0.000000 0.000000 0.000000 1.000000 
TERR_bp_block26 TERR_pillon mesh TERR_bp_block26Shape TERR_pilon_broken_small_mat -0.999985 0.002916 0.004682 0.000000 0.002963 0.999945 0.010031 0.000000 -0.004653 0.010045 -0.999939 0.000000 -0.591764 5.779826 -1.981448 1.000000 1.000000 0.000000 0.000000 0.000000 0.000000 1.000000 0.000000 0.000000 0.000000 0.000000 1.000000 0.000000 0.000000 0.000000 0.000000 1.000000 
TERR_bp_block27 TERR_pillon mesh TERR_bp_block27Shape TERR_pilon_broken_small_mat -0.999953 0.008805 0.004134 0.000000 0.008793 0.999957 -0.003038 0.000000 -0.004160 -0.003001 -0.999987 0.000000 0.000796 5.526052 -2.524710 1.000000 1.000000 0.000000 0.000000 0.000000 0.000000 1.000000 0.000000 0.000000 0.000000 0.000000 1.000000 0.000000 0.000000 0.000000 0.000000 1.000000 
TERR_bp_block28 TERR_pillon mesh TERR_bp_block28Shape TERR_pilon_broken_small_mat -0.999802 -0.017851 -0.008786 0.000000 -0.017775 0.999804 -0.008662 0.000000 0.008938 -0.008504 -0.999924 0.000000 0.668898 6.580798 -2.165192 1.000000 1.000000 0.000000 0.000000 0.000000 0.000000 1.000000 0.000000 0.000000 0.000000 0.000000 1.000000 0.000000 0.000000 0.000000 0.000000 1.000000 
TERR_bp_block29 TERR_pillon mesh TERR_bp_block29Shape TERR_pilon_broken_small_mat -0.999623 -0.022241 0.016115 0.000000 -0.022064 0.999695 0.011074 0.000000 -0.016356 0.010714 -0.999809 0.000000 -0.359381 6.570950 -1.964614 1.000000 1.000000 0.000000 0.000000 0.000000 0.000000 1.000000 0.000000 0.000000 0.000000 0.000000 1.000000 0.000000 0.000000 0.000000 0.000000 1.000000 
TERR_bp_block30 TERR_pillon mesh TERR_bp_block30Shape TERR_pilon_broken_small_mat -0.999932 0.006820 -0.009477 0.000000 0.006992 0.999809 -0.018258 0.000000 0.009351 -0.018323 -0.999788 0.000000 -0.101304 6.571397 -2.481439 1.000000 1.000000 0.000000 0.000000 0.000000 0.000000 1.000000 0.000000 0.000000 0.000000 0.000000 1.000000 0.000000 0.000000 0.000000 0.000000 1.000000 
TERR_bp_block31 TERR_pillon mesh TERR_bp_block31Shape TERR_pilon_broken_small_mat -0.999971 0.007367 0.001685 0.000000 0.007384 0.999923 0.009959 0.000000 -0.001611 0.009972 -0.999949 0.000000 0.504154 7.644961 -1.857970 1.000000 1.000000 0.000000 0.000000 0.000000 0.000000 1.000000 0.000000 0.000000 0.000000 0.000000 1.000000 0.000000 0.000000 0.000000 0.000000 1.000000 
TERR_bp_block32 TERR_pillon mesh TERR_bp_block32Shape TERR_pilon_broken_small_mat -0.999963 0.007613 0.003930 0.000000 0.007576 0.999928 -0.009285 0.000000 -0.004000 -0.009255 -0.999949 0.000000 -0.540135 7.513328 -2.002988 1.000000 1.000000 0.000000 0.000000 0.000000 0.000000 1.000000 0.000000 0.000000 0.000000 0.000000 1.000000 0.000000 0.000000 0.000000 0.000000 1.000000 
TERR_bp_block33 TERR_pillon mesh TERR_bp_block33Shape TERR_pilon_broken_small_mat -0.999973 0.006392 0.003614 0.000000 0.006315 0.999758 -0.021057 0.000000 -0.003748 -0.021034 -0.999772 0.000000 0.008641 7.343941 -2.576999 1.000000 1.000000 0.000000 0.000000 0.000000 0.000000 1.000000 0.000000 0.000000 0.000000 0.000000 1.000000 0.000000 0.000000 0.000000 0.000000 1.000000 
TERR_bp_block34 TERR_pillon mesh TERR_bp_block34Shape TERR_pilon_broken_small_mat -0.999904 -0.013861 -0.000433 0.000000 -0.013865 0.999867 0.008637 0.000000 0.000314 0.008642 -0.999963 0.000000 0.443218 8.472091 -1.968435 1.000000 1.000000 0.000000 0.000000 0.000000 0.000000 1.000000 0.000000 0.000000 0.000000 0.000000 1.000000 0.000000 0.000000 0.000000 0.000000 1.000000 
