olivegarden_posters xRoom1 olivegarden_postersShape new_buildings_olivegarden_poster_mat 1.000000 0.000000 0.000000 0.000000 0.000000 1.000000 0.000000 0.000000 0.000000 0.000000 1.000000 0.000000 0.000000 0.000000 0.000000 1.000000
polySurface776 xRoom1 polySurfaceShape776 new_buildings__1585_street_mat 8.752788 0.000000 -4.836186 0.000000 0.000000 10.000000 0.000000 0.000000 4.836186 0.000000 8.752788 0.000000 44.977268 53.985611 77.317078 1.000000
moving_text1 xRoom1 moving_text1Shape ms_text_mat_specular_alphatest 8.752788 0.000000 -4.836186 0.000000 0.000000 10.000000 0.000000 0.000000 4.836186 0.000000 8.752788 0.000000 0.136968 0.000000 -4.045706 1.000000
moving_text2 xRoom1 moving_text2Shape ms_text_mat_specular_alphatest 8.752788 0.000000 -4.836186 0.000000 0.000000 10.000000 0.000000 0.000000 4.836186 0.000000 8.752788 0.000000 0.136968 0.000000 -4.045706 1.000000
moving_text3 xRoom1 moving_text3Shape ms_text_mat_specular_alphatest 8.752788 0.000000 -4.836186 0.000000 0.000000 10.000000 0.000000 0.000000 4.836186 0.000000 8.752788 0.000000 0.136968 0.000000 -4.045706 1.000000
polySurface728 xRoom1 polySurfaceShape728 new_buildings_walkway_mat 0.875279 0.000000 -0.483619 0.000000 0.000000 1.000000 0.000000 0.000000 0.483619 0.000000 0.875279 0.000000 0.000000 0.000000 -4.085183 1.000000
polySurface763 xRoom1 polySurfaceShape763 new_buildings_walkway_mat 0.875279 0.000000 -0.483619 0.000000 0.000000 1.000000 0.000000 0.000000 0.483619 0.000000 0.875279 0.000000 0.000000 0.000000 -4.085183 1.000000
polySurface790 xRoom1 polySurfaceShape790 pasted__traffic_light_mat_specular 1.000000 0.000000 0.000000 0.000000 0.000000 1.000000 0.000000 0.000000 0.000000 0.000000 1.000000 0.000000 0.000000 0.000000 0.000000 1.000000
polySurface834 xRoom1 polySurfaceShape834 new_buildings_walkway_mat 1.000000 0.000000 0.000000 0.000000 0.000000 1.000000 0.000000 0.000000 0.000000 0.000000 1.000000 0.000000 0.000000 -0.258804 0.000000 1.000000
sidewalk01 xRoom1 sidewalk0Shape1 sidewalk_mat_specular 1.000000 0.000000 0.000000 0.000000 0.000000 1.000000 0.000000 0.000000 0.000000 0.000000 1.000000 0.000000 0.000000 0.000000 0.000000 1.000000
polySurface885 xRoom1 polySurfaceShape885 new_buildings_walkway_mat 1.000000 0.000000 0.000000 0.000000 0.000000 1.000000 0.000000 0.000000 0.000000 0.000000 1.000000 0.000000 0.000000 0.000000 0.000000 1.000000
zebra_mesh12 xRoom1 zebra_meshShape12 zebra_mat_specular 0.000000 0.000000 -1.000000 0.000000 0.000000 1.000000 0.000000 0.000000 1.000000 0.000000 0.000000 0.000000 -72.296021 0.009707 9.984632 1.000000
static_n_1585_street_part_trim xRoom2 static_n_1585_street_part_trimShape new_buildings_walkway_mat 1.000000 0.000000 0.000000 0.000000 0.000000 1.000000 0.000000 0.000000 0.000000 0.000000 1.000000 0.000000 0.000000 0.000000 1.866605 1.000000
static_n_1585_street_part1 xRoom2 static_n_1585_street_part1Shape sidewalk_mat_specular 1.000000 0.000000 0.000000 0.000000 0.000000 1.000000 0.000000 0.000000 0.000000 0.000000 1.000000 0.000000 0.000000 0.000000 1.866605 1.000000
polySurface521 xRoom2 polySurfaceShape521 new_buildings_sbarro_c_street_mat 8.752788 0.000000 -4.836186 0.000000 0.000000 10.000000 0.000000 0.000000 4.836186 0.000000 8.752788 0.000000 0.000000 -0.513293 -4.085183 1.000000
clear_scene_traffic_stuff3 xRoom2 clear_scene_traffic_stuff3Shape pasted__traffic_light_mat -0.511806 0.000000 -0.215735 0.000000 0.000000 0.555416 0.000000 0.000000 0.215735 0.000000 -0.511806 0.000000 -21.285801 0.078941 23.809299 1.000000
anim_coca_sign xRoom2 anim_coca_signShape coca_logo_mat_alphatest 0.877088 0.000000 -0.480330 0.000000 0.000000 1.000000 0.000000 0.000000 0.480330 0.000000 0.877088 0.000000 -0.043004 0.000000 -3.579494 1.000000
coca_bg xRoom2 coca_bgShape coca_bg_mat 0.876380 0.000000 -0.481620 0.000000 0.000000 1.000000 0.000000 0.000000 0.481620 0.000000 0.876380 0.000000 -0.026084 0.000000 -4.006513 1.000000
pasted__clear_scene_Truck12 xRoom2 pasted__clear_scene_Truck12Shape pasted__truck_Texture_mat 0.914324 -0.279979 -0.292613 0.000000 0.324151 0.072817 0.943199 0.000000 -0.242769 -0.957241 0.157334 0.000000 58.925758 102.738297 -97.064194 1.000000
chevro4 xRoom2 chevroShape chevro2_mat_specular 1.000000 0.000000 0.000000 0.000000 0.000000 1.000000 0.000000 0.000000 0.000000 0.000000 1.000000 0.000000 -0.938839 0.000000 -39.172169 1.000000
chevro5 xRoom2 chevroShape chevro2_mat_specular 1.000000 0.000000 0.000000 0.000000 0.000000 1.000000 0.000000 0.000000 0.000000 0.000000 1.000000 0.000000 4.677625 0.000000 -50.386131 1.000000
chevro8 xRoom2 chevroShape chevro2_mat_specular 0.958517 0.000000 -0.285035 0.000000 0.000000 1.000000 0.000000 0.000000 0.285035 0.000000 0.958517 0.000000 -58.504181 0.000000 -60.411869 1.000000
chevro15 xRoom2 chevroShape chevro2_mat_specular 0.923191 0.000000 -0.384342 0.000000 0.000000 1.000000 0.000000 0.000000 0.384342 0.000000 0.923191 0.000000 -44.849861 0.000000 -12.494020 1.000000
honda3 xRoom2 hondaShape honda2_mat_specular1 1.000000 0.000000 0.000000 0.000000 0.000000 1.000000 0.000000 0.000000 0.000000 0.000000 1.000000 0.000000 -0.645784 0.000000 -29.161770 1.000000
honda4 xRoom2 hondaShape honda2_mat_specular1 1.000000 0.000000 0.000000 0.000000 0.000000 1.000000 0.000000 0.000000 0.000000 0.000000 1.000000 0.000000 4.850367 0.000000 -15.434820 1.000000
honda5 xRoom2 hondaShape honda2_mat_specular1 -0.999994 0.000000 0.003539 0.000000 0.000000 1.000000 0.000000 0.000000 -0.003539 0.000000 -0.999994 0.000000 7.053729 0.000000 -0.216184 1.000000
honda9 xRoom2 hondaShape honda2_mat_specular1 0.958517 0.000000 -0.285035 0.000000 0.000000 1.000000 0.000000 0.000000 0.285035 0.000000 0.958517 0.000000 -56.826031 0.000000 -47.883808 1.000000
honda15 xRoom2 hondaShape honda2_mat_specular1 0.940391 0.000000 -0.340095 0.000000 0.000000 1.000000 0.000000 0.000000 0.340095 0.000000 0.940391 0.000000 -52.917641 0.000000 -33.567749 1.000000
polymsh_detached2_ncl1_2 xRoom2 polymsh_detached2_ncl1_2Shape brickmanta_video_mat 1.000000 0.000000 0.000000 0.000000 0.000000 1.000000 0.000000 0.000000 0.000000 0.000000 1.000000 0.000000 0.000000 0.000000 0.000000 1.000000
polymsh_detached3 xRoom2 polymsh_detached3Shape brickmanta_video_mat 1.000000 0.000000 0.000000 0.000000 0.000000 1.000000 0.000000 0.000000 0.000000 0.000000 1.000000 0.000000 0.000000 0.000000 0.000000 1.000000
r_2_r__polymsh_detached3_ncl1_1 xRoom2 polymsh_detached3_ncl1_1Shape paniti2_video_mat 1.000000 0.000000 0.000000 0.000000 0.000000 1.000000 0.000000 0.000000 0.000000 0.000000 1.000000 0.000000 0.000000 0.000000 0.000000 1.000000
polymsh_detached4 xRoom2 polymsh_detached4Shape panta_video_mat 1.000000 0.000000 0.000000 0.000000 0.000000 1.000000 0.000000 0.000000 0.000000 0.000000 1.000000 0.000000 0.000000 0.000000 0.000000 1.000000
polymsh_detached6 xRoom2 polymsh_detached6Shape paniti2_video_mat 1.000000 0.000000 0.000000 0.000000 0.000000 1.000000 0.000000 0.000000 0.000000 0.000000 1.000000 0.000000 0.000000 0.000000 0.000000 1.000000
polymsh_detached7 xRoom2 polymsh_detached7Shape comp_video_mat1 1.000000 0.000000 0.000000 0.000000 0.000000 1.000000 0.000000 0.000000 0.000000 0.000000 1.000000 0.000000 0.000000 0.000000 0.000000 1.000000
polymsh_detached8 xRoom2 polymsh_detached8Shape comp_video_mat1 1.000000 0.000000 0.000000 0.000000 0.000000 1.000000 0.000000 0.000000 0.000000 0.000000 1.000000 0.000000 0.000000 0.000000 0.000000 1.000000
polymsh_detached9 xRoom2 polymsh_detached9Shape comp_video_mat1 1.000000 0.000000 0.000000 0.000000 0.000000 1.000000 0.000000 0.000000 0.000000 0.000000 1.000000 0.000000 0.000000 0.000000 0.000000 1.000000
polySurface812 xRoom2 polySurfaceShape812 base_shadow_mat1 1.000000 0.000000 0.000000 0.000000 0.000000 1.000000 0.000000 0.000000 0.000000 0.000000 1.000000 0.000000 0.000000 0.000000 0.000000 1.000000
polySurface810 xRoom2 polySurfaceShape810 base_shadow_mat1 1.000000 0.000000 0.000000 0.000000 0.000000 1.000000 0.000000 0.000000 0.000000 0.000000 1.000000 0.000000 0.000000 0.000000 0.000000 1.000000
polySurface809 xRoom2 polySurfaceShape809 base_shadow_mat1 1.000000 0.000000 0.000000 0.000000 0.000000 1.000000 0.000000 0.000000 0.000000 0.000000 1.000000 0.000000 0.000000 0.000000 0.000000 1.000000
polySurface808 xRoom2 polySurfaceShape808 base_shadow_mat1 1.000000 0.000000 0.000000 0.000000 0.000000 1.000000 0.000000 0.000000 0.000000 0.000000 1.000000 0.000000 0.000000 0.000000 0.000000 1.000000
polySurface795 xRoom2 polySurfaceShape795 new_buildings_walkway_mat 1.000000 0.000000 0.000000 0.000000 0.000000 1.000000 0.000000 0.000000 0.000000 0.000000 1.000000 0.000000 0.000000 0.000000 0.000000 1.000000
polySurface796 xRoom2 polySurfaceShape796 new_buildings_olivegarden_poster_mat 1.000000 0.000000 0.000000 0.000000 0.000000 1.000000 0.000000 0.000000 0.000000 0.000000 1.000000 0.000000 0.000000 0.000000 0.000000 1.000000
polySurface851 xRoom2 polySurfaceShape851 sidewalk_mat_specular 1.000000 0.000000 0.000000 0.000000 0.000000 1.000000 0.000000 0.000000 0.000000 0.000000 1.000000 0.000000 0.000000 0.000000 0.000000 1.000000
polySurface850 xRoom2 polySurfaceShape850 new_buildings_walkway_mat 1.000000 0.000000 0.000000 0.000000 0.000000 1.000000 0.000000 0.000000 0.000000 0.000000 1.000000 0.000000 0.000000 0.000000 0.000000 1.000000
polySurface831 xRoom2 polySurfaceShape831 sidewalk_mat_specular 1.000000 0.000000 0.000000 0.000000 0.000000 1.000000 0.000000 0.000000 0.000000 0.000000 1.000000 0.000000 0.000000 0.000000 0.000000 1.000000
polySurface824 xRoom2 polySurfaceShape824 sidewalk_mat_specular 1.000000 0.000000 0.000000 0.000000 0.000000 1.000000 0.000000 0.000000 0.000000 0.000000 1.000000 0.000000 0.000000 0.000000 0.000000 1.000000
split_double_lamps xRoom2 split_double_lampsShape pasted__traffic_light_mat_specular 1.000000 0.000000 0.000000 0.000000 0.000000 1.000000 0.000000 0.000000 0.000000 0.000000 1.000000 0.000000 0.000000 0.000000 0.000000 1.000000 
split_traffic_lights xRoom2 split_traffic_lightsShape pasted__traffic_light_mat_specular 1.000000 0.000000 0.000000 0.000000 0.000000 1.000000 0.000000 0.000000 0.000000 0.000000 1.000000 0.000000 0.000000 0.000000 0.000000 1.000000 
split_corner_props xRoom2 split_corner_propsShape pasted__traffic_light_mat_specular 1.000000 0.000000 0.000000 0.000000 0.000000 1.000000 0.000000 0.000000 0.000000 0.000000 1.000000 0.000000 0.000000 0.000000 0.000000 1.000000 
split_tall_posts xRoom2 split_tall_postsShape pasted__traffic_light_mat_specular 1.000000 0.000000 0.000000 0.000000 0.000000 1.000000 0.000000 0.000000 0.000000 0.000000 1.000000 0.000000 0.000000 0.000000 0.000000 1.000000 
chevro1 xRoom2 chevroShape chevro2_mat_specular 1.000000 0.000000 0.000000 0.000000 0.000000 1.000000 0.000000 0.000000 0.000000 0.000000 1.000000 0.000000 0.000000 0.000000 -2.125088 1.000000
honda14 xRoom2 hondaShape honda2_mat_specular1 0.940391 0.000000 -0.340095 0.000000 0.000000 1.000000 0.000000 0.000000 0.340095 0.000000 0.940391 0.000000 -59.514061 0.000000 -18.167070 1.000000
car_shadow_blue10 xRoom2 car_shadow_blueShape car_shadow_mat1 0.939451 0.000000 -0.342683 0.000000 0.000000 1.000000 0.000000 0.000000 0.342683 0.000000 0.939451 0.000000 -59.479542 0.029914 -17.936951 1.000000
car_shadow_blue11 xRoom2 car_shadow_blueShape car_shadow_mat1 0.939451 0.000000 -0.342683 0.000000 0.000000 1.000000 0.000000 0.000000 0.342683 0.000000 0.939451 0.000000 -52.900059 0.029914 -33.396790 1.000000
car_shadow_blue12 xRoom2 car_shadow_blueShape car_shadow_mat1 0.956632 0.000000 -0.291300 0.000000 0.000000 1.000000 0.000000 0.000000 0.291300 0.000000 0.956632 0.000000 -56.821388 0.029914 -47.709679 1.000000
car_shadow_brown15 xRoom2 car_shadow_brownShape car_shadow_mat1 0.960875 0.000000 -0.276982 0.000000 0.000000 1.000000 0.000000 0.000000 0.276982 0.000000 0.960875 0.000000 -58.408100 0.091091 -59.699379 1.000000
car_shadow_brown12 xRoom2 car_shadow_brownShape car_shadow_mat1 0.924110 0.000000 -0.382128 0.000000 0.000000 1.000000 0.000000 0.000000 0.382128 0.000000 0.924110 0.000000 -44.619331 0.029914 -11.767410 1.000000
car_shadow_blue6 xRoom2 car_shadow_blueShape car_shadow_mat1 1.000000 0.000000 0.000000 0.000000 0.000000 1.000000 0.000000 0.000000 0.000000 0.000000 1.000000 0.000000 4.812361 0.029914 -15.292260 1.000000
car_shadow_blue7 xRoom2 car_shadow_blueShape car_shadow_mat1 1.000000 0.000000 0.000000 0.000000 0.000000 1.000000 0.000000 0.000000 0.000000 0.000000 1.000000 0.000000 -0.712480 0.029914 -28.912500 1.000000
car_shadow_brown10 xRoom2 car_shadow_brownShape car_shadow_mat1 0.999999 0.000000 0.001601 0.000000 0.000000 1.000000 0.000000 0.000000 -0.001601 0.000000 0.999999 0.000000 -0.992886 0.029914 -38.406059 1.000000
car_shadow_brown11 xRoom2 car_shadow_brownShape car_shadow_mat1 0.999999 0.000000 0.001601 0.000000 0.000000 1.000000 0.000000 0.000000 -0.001601 0.000000 0.999999 0.000000 4.598167 0.029914 -49.657520 1.000000
car_shadow_brown9 xRoom2 car_shadow_brownShape car_shadow_mat1 0.999999 0.000000 0.001601 0.000000 0.000000 1.000000 0.000000 0.000000 -0.001601 0.000000 0.999999 0.000000 -0.050413 0.029914 -1.493426 1.000000
car_shadow_blue5 xRoom2 car_shadow_blueShape car_shadow_mat1 -0.999833 0.000000 0.018283 0.000000 0.000000 1.000000 0.000000 0.000000 -0.018283 0.000000 -0.999833 0.000000 7.010617 0.029914 -0.426931 1.000000
polySurface878 xRoom2 polySurfaceShape878 new_buildings_walkway_mat -1.000000 0.000000 0.000000 0.000000 0.000000 1.000000 0.000000 0.000000 0.000000 0.000000 -1.000000 0.000000 -66.355209 -0.162744 -87.233711 1.000000
polySurface882 xRoom2 polySurfaceShape882 new_buildings_walkway_mat 1.000000 0.000000 0.000000 0.000000 0.000000 1.000000 0.000000 0.000000 0.000000 0.000000 1.000000 0.000000 0.000000 0.000000 0.000000 1.000000
honda7 xRoom2 hondaShape honda2_mat_specular1 0.955649 -0.077295 -0.284183 0.000000 0.074089 0.997008 -0.022032 0.000000 0.285035 0.000000 0.958517 0.000000 -73.787491 0.075641 -43.317600 1.000000
chevro6 xRoom2 chevroShape chevro2_mat_specular 0.958517 0.000000 -0.285035 0.000000 0.000000 1.000000 0.000000 0.000000 0.285035 0.000000 0.958517 0.000000 -68.668007 0.000000 -42.535061 1.000000
car_shadow_brown14 xRoom2 car_shadow_brownShape car_shadow_mat1 0.956601 0.000000 -0.291402 0.000000 0.000000 1.000000 0.000000 0.000000 0.291402 0.000000 0.956601 0.000000 -68.496559 0.029914 -41.811932 1.000000
chevro14 xRoom2 chevroShape chevro2_mat_specular 0.923191 0.000000 -0.384342 0.000000 0.000000 1.000000 0.000000 0.000000 0.384342 0.000000 0.923191 0.000000 -64.464928 0.000000 -28.177469 1.000000
car_shadow_brown13 xRoom2 car_shadow_brownShape car_shadow_mat1 0.924110 0.000000 -0.382128 0.000000 0.000000 1.000000 0.000000 0.000000 0.382128 0.000000 0.924110 0.000000 -64.249977 0.029914 -27.448280 1.000000
zebra_mesh11 xRoom2 zebra_meshShape11 zebra_mat_specular 0.000000 0.000000 -1.000000 0.000000 0.000000 1.000000 0.000000 0.000000 1.000000 0.000000 0.000000 0.000000 -32.084351 0.009707 11.203760 1.000000
zebra_mesh7 xRoom2 zebra_meshShape7 zebra_mat_specular 0.000000 0.000000 -1.000000 0.000000 0.000000 1.000000 0.000000 0.000000 1.000000 0.000000 0.000000 0.000000 -9.648940 0.009707 11.203760 1.000000
zebra_mesh13 xRoom2 zebra_meshShape13 zebra_mat_specular 0.965926 0.000000 -0.258819 0.000000 0.000000 1.000000 0.000000 0.000000 0.258819 0.000000 0.965926 0.000000 -56.585461 0.009707 -12.352610 1.000000
zebra_mesh17 xRoom2 zebra_meshShape17 zebra_mat_specular 1.000000 0.000000 0.000000 0.000000 0.000000 1.000000 0.000000 0.000000 0.000000 0.000000 1.000000 0.000000 6.718840 0.009707 -79.736862 1.000000
zebra_mesh18 xRoom2 zebra_meshShape18 zebra_mat_specular 1.000000 0.000000 0.000000 0.000000 0.000000 1.000000 0.000000 0.000000 0.000000 0.000000 1.000000 0.000000 5.832705 0.009707 -114.243500 1.000000
zebra_mesh10 xRoom2 zebra_meshShape10 zebra_mat_specular 1.000000 0.000000 0.000000 0.000000 0.000000 1.000000 0.000000 0.000000 0.000000 0.000000 1.000000 0.000000 8.497906 0.009707 -7.063368 1.000000
trash11 xRoom2 trash11Shape trash1_mat_specular 0.955186 0.000000 -0.296006 0.000000 0.000000 1.000000 0.000000 0.000000 0.296006 0.000000 0.955186 0.000000 -8.102058 0.146894 -1.671442 1.000000
back_buildings_right_2b xRoom2b back_buildings_right_2bShape new_buildings_sbarro_c_street_mat 1.000000 0.000000 0.000000 0.000000 0.000000 1.000000 0.000000 0.000000 0.000000 0.000000 1.000000 0.000000 0.000000 0.000000 0.000000 1.000000
back_buildings_left_2b xRoom2b back_buildings_left_2bShape new_buildings_sbarro_c_street_mat 8.752788 0.000000 -4.836186 0.000000 0.000000 10.000000 0.000000 0.000000 4.836186 0.000000 8.752788 0.000000 13.081430 -0.513293 -735.981995 1.000000
back_street_2b xRoom2b back_street_2bShape new_buildings_walkway_mat 1.000000 0.000000 0.000000 0.000000 0.000000 1.000000 0.000000 0.000000 0.000000 0.000000 1.000000 0.000000 0.000000 0.000000 0.000000 1.000000
polySurface856 xRoom2b polySurfaceShape856 sidewalk_mat_specular 1.000000 0.000000 0.000000 0.000000 0.000000 1.000000 0.000000 0.000000 0.000000 0.000000 1.000000 0.000000 9.857967 0.000000 -646.714294 1.000000
polySurface522 xRoom3 polySurfaceShape522 new_buildings_sbarro_c_street_mat 1.000000 0.000000 0.000000 0.000000 0.000000 1.000000 0.000000 0.000000 0.000000 0.000000 1.000000 0.000000 0.000000 0.000000 0.000000 1.000000
polySurface637 xRoom3 polySurfaceShape637 sbarro_posters_mat 1.000000 0.000000 0.000000 0.000000 0.000000 1.000000 0.000000 0.000000 0.000000 0.000000 1.000000 0.000000 0.000000 0.000000 0.000000 1.000000
polySurface538 xRoom3 polySurfaceShape538 new_buildings_sbarro_dtg_street_mat 1.000000 0.000000 0.000000 0.000000 0.000000 1.000000 0.000000 0.000000 0.000000 0.000000 1.000000 0.000000 0.000000 0.000000 0.000000 1.000000
pasted__taxiMesh38 xRoom3 pasted__taxiMesh5Shape38 ford_mat_specular1 0.456554 0.000000 -0.889696 0.000000 0.000000 1.000000 0.000000 0.000000 0.889696 0.000000 0.456554 0.000000 84.784912 -0.071709 11.040180 1.000000
car_shadow_taxi33 xRoom3 car_shadow_taxiShape car_shadow_mat1 0.471680 0.000000 -0.881770 0.000000 0.000000 1.000000 0.000000 0.000000 0.881770 0.000000 0.471680 0.000000 84.717728 -0.076382 10.893335 1.000000
pasted__taxiMesh33 xRoom3 pasted__taxiMesh5Shape33 ford_mat_specular1 0.019761 -0.058931 0.998066 0.000000 0.000922 0.998262 0.058924 0.000000 -0.999804 -0.000244 0.019781 0.000000 100.316902 0.030577 2.565664 1.000000
car_shadow_taxi34 xRoom3 car_shadow_taxiShape34 car_shadow_mat1 0.008917 -0.000000 0.999960 0.000000 0.000000 1.000000 -0.000000 0.000000 -0.999960 -0.000000 0.008917 0.000000 100.289154 -0.076382 2.615726 1.000000
pasted__truck13 xRoom3 pasted__truck11Shape13 pasted__truck_Texture_mat -0.518007 0.014375 -0.855256 0.000000 -0.001702 0.999839 0.017836 0.000000 0.855375 0.010695 -0.517899 0.000000 -60.712669 -0.500939 35.663261 1.000000
car_shadow_truck1 xRoom3 car_shadow_truck1Shape car_shadow_mat1 0.763264 0.000000 -0.646087 0.000000 0.000000 1.000000 -0.000000 0.000000 0.646087 0.000000 0.763264 0.000000 58.646805 0.035000 9.199063 1.000000
pasted__taxiMesh8 xRoom3 pasted__taxiMesh5Shape ford_mat_specular1 -0.356566 0.000000 -0.934270 0.000000 0.000000 1.000000 0.000000 0.000000 0.934270 0.000000 -0.356566 0.000000 38.471081 0.110421 0.328067 1.000000
car_shadow_taxi31 xRoom3 car_shadow_taxiShape car_shadow_mat1 -0.345971 0.000000 -0.938245 0.000000 0.000000 1.000000 0.000000 0.000000 0.938245 0.000000 -0.345971 0.000000 38.434566 0.102188 0.312146 1.000000
pasted__taxiMesh36 xRoom3 pasted__taxiMesh5Shape36 ford_mat_specular1 -0.192815 0.000000 -0.981235 0.000000 0.000000 1.000000 0.000000 0.000000 0.981235 0.000000 -0.192815 0.000000 38.826790 -0.073428 9.593315 1.000000
car_shadow_taxi22 xRoom3 car_shadow_taxiShape car_shadow_mat1 -0.193969 0.000000 -0.981008 0.000000 0.000000 1.000000 0.000000 0.000000 0.981008 0.000000 -0.193969 0.000000 38.751869 -0.063277 9.645030 1.000000
pasted__taxiMesh37 xRoom3 pasted__taxiMesh5Shape36 ford_mat_specular1 0.283472 0.000000 0.958981 0.000000 0.000000 1.000000 0.000000 0.000000 -0.958981 0.000000 0.283472 0.000000 27.055660 -0.069497 10.029530 1.000000
car_shadow_taxi21 xRoom3 car_shadow_taxiShape car_shadow_mat1 0.280343 0.000000 0.959900 0.000000 0.000000 1.000000 0.000000 0.000000 -0.959900 0.000000 0.280343 0.000000 27.072001 -0.064537 10.075533 1.000000
sbarroHouse1 xRoom3 sbarroHouse1Shape new_buildings_sbarro_house_mat 1.000000 0.000000 0.000000 0.000000 0.000000 1.000000 0.000000 0.000000 0.000000 0.000000 1.000000 0.000000 24.254511 0.000000 -0.973738 1.000000
sbarroHouse2 xRoom7 sbarroHouse2Shape new_buildings_sbarro_house_mat -0.146570 0.000000 -0.989200 0.000000 0.000000 1.000000 0.000000 0.000000 0.989200 0.000000 -0.146570 0.000000 -23.064560 -10.025850 207.412506 1.000000
polySurface725 xRoom3 polySurfaceShape725 new_buildings_walkway_mat 0.875279 0.000000 -0.483619 0.000000 0.000000 1.000000 0.000000 0.000000 0.483619 0.000000 0.875279 0.000000 0.000000 0.000000 -4.085183 1.000000
split_sbarro_corner_props xRoom3 split_sbarro_corner_propsShape pasted__traffic_light_mat_specular 1.000000 0.000000 0.000000 0.000000 0.000000 1.000000 0.000000 0.000000 0.000000 0.000000 1.000000 0.000000 0.000000 0.000000 0.000000 1.000000 3
street_lamp22 xRoom3 street_lampShape pasted__traffic_light_mat_specular 0.050394 0.000000 0.998729 0.000000 -0.000000 1.000000 0.000000 0.000000 -0.998729 -0.000000 0.050394 0.000000 27.433512 0.141330 2.703975 1.000000 3
street_lamp23 xRoom3 street_lampShape pasted__traffic_light_mat_specular 0.050455 0.000000 0.998726 0.000000 -0.000000 1.000000 0.000000 0.000000 -0.998726 -0.000000 0.050455 0.000000 47.342101 0.141330 2.292122 1.000000 3
street_lamp24 xRoom3 street_lampShape pasted__traffic_light_mat_specular 0.050455 0.000000 0.998726 0.000000 -0.000000 1.000000 0.000000 0.000000 -0.998726 -0.000000 0.050455 0.000000 69.898195 0.164381 2.418364 1.000000 3
street_lamp25 xRoom3 street_lampShape pasted__traffic_light_mat_specular -0.999849 -0.000000 -0.017354 0.000000 0.000000 1.000000 -0.000000 0.000000 0.017354 0.000000 -0.999849 0.000000 20.272645 0.155803 -45.375096 1.000000 3
traffic_light_small7 xRoom3 traffic_light_smallShape pasted__traffic_light_mat_specular -0.794448 0.000000 0.607332 0.000000 0.000000 1.000000 0.000000 0.000000 -0.607332 0.000000 -0.794448 0.000000 21.424431 0.168823 -1.859659 1.000000 3
polySurface794 xRoom3 polySurfaceShape794 new_buildings_walkway_mat 1.000000 0.000000 0.000000 0.000000 0.000000 1.000000 0.000000 0.000000 0.000000 0.000000 1.000000 0.000000 0.000000 0.000000 0.000000 1.000000
chevro20 xRoom3 chevroShape chevro2_mat_specular 0.143379 0.200698 -0.969104 0.000000 -0.262791 0.951790 0.158232 0.000000 0.954140 0.231984 0.189209 0.000000 90.078598 0.216602 3.255527 1.000000
chevro23 xRoom3 chevroShape chevro2_mat_specular 0.025939 0.000000 -0.999663 0.000000 0.000000 1.000000 0.000000 0.000000 0.999663 0.000000 0.025939 0.000000 48.833271 0.000000 14.795670 1.000000
honda21 xRoom3 hondaShape honda2_mat_specular1 0.162904 -0.054147 0.985155 0.000000 0.008834 0.998533 0.053422 0.000000 -0.986602 0.000000 0.163143 0.000000 80.406822 0.070084 2.890165 1.000000
honda23 xRoom3 hondaShape honda2_mat_specular1 -0.170453 0.000000 -0.985366 0.000000 0.000000 1.000000 0.000000 0.000000 0.985366 0.000000 -0.170453 0.000000 35.866821 -0.000299 15.397090 1.000000
car_shadow_blue13 xRoom3 car_shadow_blueShape car_shadow_mat1 -0.174690 0.000000 -0.984623 0.000000 0.000000 1.000000 0.000000 0.000000 0.984623 0.000000 -0.174690 0.000000 36.176041 0.029914 15.407860 1.000000
car_shadow_brown18 xRoom3 car_shadow_brownShape car_shadow_mat1 0.030272 0.000000 -0.999542 0.000000 0.000000 1.000000 0.000000 0.000000 0.999542 0.000000 0.030272 0.000000 49.590698 0.029914 14.823890 1.000000
car_shadow_blue18 xRoom3 car_shadow_blueShape18 car_shadow_mat1 0.165378 0.000000 0.986230 0.000000 0.000000 1.000000 0.000000 0.000000 -0.986230 0.000000 0.165378 0.000000 80.242050 0.020556 2.917362 1.000000
car_shadow_brown17 xRoom3 car_shadow_brownShape17 car_shadow_mat1 0.053041 0.000000 -0.998592 0.000000 0.000000 1.000000 0.000000 0.000000 0.998592 0.000000 0.053041 0.000000 90.828758 -0.132887 2.568984 1.000000
car_shadow_brown22 xRoom3 car_shadow_brownShape22 car_shadow_mat1 0.030272 0.000000 -0.999542 0.000000 0.000000 1.000000 0.000000 0.000000 0.999542 0.000000 0.030272 0.000000 49.590698 0.029914 14.823890 1.000000
polySurface823 xRoom3 polySurfaceShape823 sidewalk_mat_specular 1.000000 0.000000 0.000000 0.000000 0.000000 1.000000 0.000000 0.000000 0.000000 0.000000 1.000000 0.000000 0.000000 0.000000 0.000000 1.000000
polySurface853 xRoom3 polySurfaceShape853 sidewalk_mat_specular 1.000000 0.000000 0.000000 0.000000 0.000000 1.000000 0.000000 0.000000 0.000000 0.000000 1.000000 0.000000 0.000000 0.000000 0.000000 1.000000
polySurface852 xRoom3 polySurfaceShape852 new_buildings_walkway_mat 1.000000 0.000000 0.000000 0.000000 0.000000 1.000000 0.000000 0.000000 0.000000 0.000000 1.000000 0.000000 0.000000 0.000000 0.000000 1.000000
polySurface880 xRoom3 polySurfaceShape880 new_buildings_walkway_mat 1.000000 0.000000 0.000000 0.000000 0.000000 1.000000 0.000000 0.000000 0.000000 0.000000 1.000000 0.000000 -3.509491 -0.162744 -108.493797 1.000000
zebra_mesh9 xRoom3 zebra_meshShape9 zebra_mat_specular 0.000000 0.000000 -1.000000 0.000000 0.000000 1.000000 0.000000 0.000000 1.000000 0.000000 0.000000 0.000000 29.817539 0.011973 11.892140 1.000000
trash12 xRoom3 trash12Shape trash1_mat_specular 1.000000 0.000000 0.000000 0.000000 0.000000 1.000000 0.000000 0.000000 0.000000 0.000000 1.000000 0.000000 112.351997 0.000000 3.657371 1.000000
pCube3 xRoom3 pCubeShape3 destructed_mat 0.701994 -0.426396 -0.438204 0.000000 0.060798 0.712569 -0.595971 0.000000 0.608392 0.420790 0.565180 0.000000 91.746918 2.886293 -0.284519 1.000000
pCube4 xRoom3 pCubeShape4 destructed_mat 0.416577 -0.023487 -0.832193 0.000000 0.151300 0.917200 0.049851 0.000000 0.818660 -0.157560 0.414250 0.000000 92.399567 2.268007 1.301767 1.000000
trash15 xRoom3 trash2Shape15 scrap_mat_specular -3.434047 0.000000 -6.288246 0.000000 0.000000 7.164826 0.000000 0.000000 6.288246 0.000000 -3.434047 0.000000 92.786522 0.107933 -3.155975 1.000000
destructed_w_building xRoom4 destructed_w_buildingShape destructed_mat 1.000000 0.000000 0.000000 0.000000 0.000000 1.000000 0.000000 0.000000 0.000000 0.000000 1.000000 0.000000 0.000000 0.000000 0.000000 1.000000
w_poster2 xRoom4 w_poster2Shape panta_video_mat 1.000000 0.000000 0.000000 0.000000 0.000000 1.000000 0.000000 0.000000 0.000000 0.000000 1.000000 0.000000 0.000000 0.000000 0.000000 1.000000
polymsh_detached xRoom4 polymsh_detachedShape brickmanta_video_mat 1.000000 0.000000 0.000000 0.000000 0.000000 1.079906 0.000000 0.000000 0.000000 0.000000 0.858738 0.000000 0.000000 -1.524977 5.088232 1.000000
dxb_mesh xRoom4 dxb_meshShape dxb_video_mat 1.000000 0.000000 0.000000 0.000000 0.000000 1.000000 0.000000 0.000000 0.000000 0.000000 1.000000 0.000000 0.000000 0.000000 0.000000 1.000000
polySurface478 xRoom4 polySurfaceShape478 new_buildings_walkway_mat 0.875279 0.000000 -0.483619 0.000000 0.000000 1.000000 0.000000 0.000000 0.483619 0.000000 0.875279 0.000000 0.000000 0.000000 -4.085183 1.000000
dxb_mesh_r xRoom4 dxb_mesh_rShape pasted__w_building_mat 1.000000 0.000000 0.000000 0.000000 0.000000 1.000000 0.000000 0.000000 0.000000 0.000000 1.000000 0.000000 0.000000 0.000000 0.000000 1.000000
static_n_w_hd_W_otherPosters xRoom4 static_n_w_hd_W_otherPostersShape new_buildings_sbarro_house_mat 1.000000 0.000000 0.000000 0.000000 0.000000 1.000000 0.000000 0.000000 0.000000 0.000000 1.000000 0.000000 0.000000 0.000000 0.000000 1.000000
polySurface721 xRoom4 polySurfaceShape721 new_buildings__1585_street_mat 1.000000 0.000000 0.000000 0.000000 0.000000 1.000000 0.000000 0.000000 0.000000 0.000000 1.000000 0.000000 0.000000 0.000000 0.000000 1.000000
polySurface884 xRoom4 polySurfaceShape884 new_buildings_walkway_mat 1.000000 0.000000 0.000000 0.000000 0.000000 1.000000 0.000000 0.000000 0.000000 0.000000 1.000000 0.000000 0.000000 0.000000 0.000000 1.000000
polySurface826 xRoom4 polySurfaceShape826 sidewalk_mat_specular 1.000000 0.000000 0.000000 0.000000 0.000000 1.000000 0.000000 0.000000 0.000000 0.000000 1.000000 0.000000 0.000000 0.000000 0.000000 1.000000
polySurface816 xRoom4 polySurfaceShape816 pasted__traffic_light_mat_specular 1.000000 0.000000 0.000000 0.000000 0.000000 1.000000 0.000000 0.000000 0.000000 0.000000 1.000000 0.000000 0.000000 0.000000 0.000000 1.000000
destructed_w_building1 xRoom4 destructed_w_building1Shape destructed_mat -0.249403 0.000000 0.968400 0.000000 0.000000 1.000000 0.000000 0.000000 -0.968400 0.000000 -0.249403 0.000000 145.141800 0.000000 66.058456 1.000000
polySurface687 xRoom4b polySurfaceShape687 new_buildings_sbarro_c_street_mat -5.000000 0.000000 -8.660254 0.000000 0.000000 10.000000 0.000000 0.000000 8.660254 0.000000 -5.000000 0.000000 -420.131409 -0.513293 9.244339 1.000000
polySurface688 xRoom4b polySurfaceShape688 new_buildings_sbarro_c_street_mat 1.000000 0.000000 0.000000 0.000000 0.000000 1.000000 0.000000 0.000000 0.000000 0.000000 1.000000 0.000000 0.000000 0.000000 0.000000 1.000000
polySurface764 xRoom4b polySurfaceShape764 new_buildings_walkway_mat 0.875279 0.000000 -0.483619 0.000000 0.000000 1.000000 0.000000 0.000000 0.483619 0.000000 0.875279 0.000000 0.000000 0.000000 -4.085183 1.000000
polySurface777 xRoom4b polySurfaceShape777 new_buildings__1585_street_mat 1.000000 0.000000 0.000000 0.000000 0.000000 1.000000 0.000000 0.000000 0.000000 0.000000 1.000000 0.000000 0.000000 0.000000 0.000000 1.000000
static_tkts_square_tkts_square xRoom5 static_tkts_square_tkts_squareShape center_tiles_mat 1.000000 0.000000 0.000000 0.000000 0.000000 1.000000 0.000000 0.000000 0.000000 0.000000 1.000000 0.000000 0.000000 0.000000 0.000000 1.000000
static_tkts_square_tkts_trim xRoom5 static_tkts_square_tkts_trimShape new_buildings_walkway_mat 1.000000 0.000000 0.000000 0.000000 0.000000 1.000000 0.000000 0.000000 0.000000 0.000000 1.000000 0.000000 0.000000 0.000000 0.000000 1.000000
static_n_tkts_Glass xRoom5 static_n_tkts_GlassShape new_buildings_generic_glass_mat 1.000000 0.000000 0.000000 0.000000 0.000000 1.000000 0.000000 0.000000 0.000000 0.000000 1.000000 0.000000 0.000000 0.000000 0.000000 1.000000
static_tkts_square_tkts_duffy xRoom5 static_tkts_square_tkts_duffyShape tkts_building_mat_specular1 1.000000 0.000000 0.000000 0.000000 0.000000 1.000000 0.000000 0.000000 0.000000 0.000000 1.000000 0.000000 0.000000 0.000000 0.000000 1.000000
pasted__clear_scene_Truck11 xRoom5 pasted__truck11Shape13 pasted__truck_Texture_mat 0.164325 0.000000 -0.986406 0.000000 0.000000 1.000000 0.000000 0.000000 0.986406 0.000000 0.164325 0.000000 -104.536499 0.163325 34.340290 1.000000
pasted__clear_scene_Truck11_car_shadow_truck xRoom5 car_shadow_truckShape car_shadow_mat1 1.000000 0.000000 0.000000 0.000000 0.000000 1.000000 0.000000 0.000000 0.000000 0.000000 1.000000 0.000000 3.236571 0.043685 91.938210 1.000000
pasted__taxiMesh12 xRoom5 pasted__taxiMesh5Shape ford_mat_specular1 0.999996 0.002825 0.000000 0.000000 -0.002825 0.999996 0.000000 0.000000 0.000000 0.000000 1.000000 0.000000 9.447906 -0.081423 110.063004 1.000000
car_shadow_taxi5 xRoom5 car_shadow_taxiShape car_shadow_mat1 0.999996 0.002825 0.000000 0.000000 -0.002825 0.999996 0.000000 0.000000 0.000000 0.000000 1.000000 0.000000 9.447906 -0.042097 110.063004 1.000000
pasted__taxiMesh7 xRoom5 pasted__taxiMesh5Shape ford_mat_specular1 1.000000 0.000000 0.000000 0.000000 0.000000 1.000000 0.000000 0.000000 0.000000 0.000000 1.000000 0.000000 -42.800739 -0.068266 46.341679 1.000000
pasted__taxiMesh20 xRoom5 pasted__taxiMesh5Shape ford_mat_specular1 0.975903 0.000000 -0.218203 0.000000 0.000000 1.000000 0.000000 0.000000 0.218203 0.000000 0.975903 0.000000 -34.998718 -0.068266 42.429379 1.000000
pasted__taxiMesh21 xRoom5 pasted__taxiMesh5Shape ford_mat_specular1 0.974869 0.046021 -0.217972 0.000000 -0.044912 0.998941 0.010042 0.000000 0.218203 0.000000 0.975903 0.000000 -30.140079 0.000000 51.343040 1.000000
pasted__taxiMesh17 xRoom5 pasted__taxiMesh5Shape ford_mat_specular1 0.975903 0.000000 -0.218203 0.000000 0.000000 1.000000 0.000000 0.000000 0.218203 0.000000 0.975903 0.000000 -40.049381 0.000000 58.255039 1.000000
pasted__taxiMesh22 xRoom5 pasted__taxiMesh5Shape ford_mat_specular1 0.975903 0.000000 -0.218203 0.000000 0.000000 1.000000 0.000000 0.000000 0.218203 0.000000 0.975903 0.000000 -29.375160 -0.073315 67.481277 1.000000
pasted__taxiMesh25 xRoom5 pasted__taxiMesh5Shape ford_mat_specular1 0.975903 0.000000 -0.218203 0.000000 0.000000 1.000000 0.000000 0.000000 0.218203 0.000000 0.975903 0.000000 -34.664009 -0.073204 94.976738 1.000000
pasted__taxiMesh15 xRoom5 pasted__taxiMesh5Shape ford_mat_specular1 1.000000 0.000000 0.000000 0.000000 0.000000 1.000000 0.000000 0.000000 0.000000 0.000000 1.000000 0.000000 15.387670 -0.038884 87.378632 1.000000
car_shadow_taxi6 xRoom5 car_shadow_taxiShape car_shadow_mat1 1.000000 0.000000 0.000000 0.000000 0.000000 1.000000 0.000000 0.000000 0.000000 0.000000 1.000000 0.000000 15.387670 -0.052209 87.378632 1.000000
pasted__taxiMesh5 xRoom5 pasted__taxiMesh5Shape ford_mat_specular1 1.000000 0.000000 0.000000 0.000000 0.000000 1.000000 0.000000 0.000000 0.000000 0.000000 1.000000 0.000000 11.970590 -0.076759 63.705181 1.000000
pasted__taxiMesh13 xRoom5 pasted__taxiMesh5Shape ford_mat_specular1 1.000000 0.000000 0.000000 0.000000 0.000000 1.000000 0.000000 0.000000 0.000000 0.000000 1.000000 0.000000 17.143089 -0.072830 67.378632 1.000000
car_shadow_taxi7 xRoom5 car_shadow_taxiShape car_shadow_mat1 1.000000 0.000000 0.000000 0.000000 0.000000 1.000000 0.000000 0.000000 0.000000 0.000000 1.000000 0.000000 17.143089 -0.072830 67.378632 1.000000
pasted__taxiMesh14 xRoom5 pasted__taxiMesh5Shape ford_mat_specular1 -0.997154 0.000000 0.075387 0.000000 0.000000 1.000000 0.000000 0.000000 -0.075387 0.000000 -0.997154 0.000000 5.086072 -0.074743 53.726070 1.000000
pasted__taxiMesh11 xRoom5 pasted__taxiMesh5Shape ford_mat_specular1 0.949392 0.051888 0.309778 0.000000 -0.051983 0.998616 -0.007955 0.000000 -0.309762 -0.008551 0.950776 0.000000 19.584770 0.001219 46.902828 1.000000
pasted__taxiMesh10 xRoom5 pasted__taxiMesh5Shape ford_mat_specular1 1.000000 0.000000 0.000000 0.000000 0.000000 1.000000 0.000000 0.000000 0.000000 0.000000 1.000000 0.000000 15.765120 -0.071414 37.378632 1.000000
pasted__taxiMesh9 xRoom5 pasted__taxiMesh5Shape ford_mat_specular1 1.000000 0.000000 0.000000 0.000000 0.000000 1.000000 0.000000 0.000000 0.000000 0.000000 1.000000 0.000000 15.387670 -0.078994 27.378630 1.000000
pasted__taxiMesh24 xRoom5 pasted__taxiMesh5Shape ford_mat_specular1 0.999411 0.000000 -0.034315 0.000000 0.000000 1.000000 0.000000 0.000000 0.034315 0.000000 0.999411 0.000000 -32.092770 -0.102978 116.381104 1.000000
pasted__taxiMesh18 xRoom5 pasted__taxiMesh5Shape ford_mat_specular1 -0.948152 0.049150 0.313995 0.000000 0.046658 0.998791 -0.015452 0.000000 -0.314375 0.000000 -0.949299 0.000000 -57.020248 -0.013947 39.334358 1.000000
pasted__taxiMesh19 xRoom5 pasted__taxiMesh5Shape ford_mat_specular1 -0.951112 0.071311 0.300500 0.000000 0.067998 0.997454 -0.021484 0.000000 -0.301267 0.000000 -0.953540 0.000000 -51.371319 0.028100 57.795979 1.000000
cohan_statue_base xRoom5 cohan_statue_baseShape tkts_building_mat_specular1 1.000000 0.000000 0.000000 0.000000 0.000000 1.000000 0.000000 0.000000 0.000000 0.000000 1.000000 0.000000 0.000000 0.000000 0.000000 1.000000
split_room5_props3 xRoom5 split_room5_propsShape3 pasted__traffic_light_mat_specular 1.000000 0.000000 0.000000 0.000000 0.000000 1.000000 0.000000 0.000000 0.000000 0.000000 1.000000 0.000000 0.000000 0.000000 0.000000 1.000000 3
split_room5_props2 xRoom5 split_room5_propsShape2 pasted__traffic_light_mat_specular 1.000000 0.000000 0.000000 0.000000 0.000000 1.000000 0.000000 0.000000 0.000000 0.000000 1.000000 0.000000 0.000000 0.000000 0.000000 1.000000 3
split_room5_props1 xRoom5 split_room5_propsShape1 pasted__traffic_light_mat_specular 1.000000 0.000000 0.000000 0.000000 0.000000 1.000000 0.000000 0.000000 0.000000 0.000000 1.000000 0.000000 0.000000 0.000000 0.000000 1.000000 3
chevro7 xRoom5 chevroShape chevro2_mat_specular 0.605867 0.000000 -0.795566 0.000000 0.000000 1.000000 0.000000 0.000000 0.795566 0.000000 0.605867 0.000000 10.306070 0.000000 40.129848 1.000000
chevro9 xRoom5 chevroShape chevro2_mat_specular 1.000000 0.000000 0.000000 0.000000 0.000000 1.000000 0.000000 0.000000 0.000000 0.000000 1.000000 0.000000 15.047840 0.000000 76.567139 1.000000
chevro10 xRoom5 chevroShape chevro2_mat_specular -0.999145 0.000000 -0.041345 0.000000 0.000000 1.000000 0.000000 0.000000 0.041345 0.000000 -0.999145 0.000000 14.140700 0.021435 98.490997 1.000000
chevro11 xRoom5 chevroShape chevro2_mat_specular 0.753037 -0.367059 -0.546079 0.000000 0.315021 0.929760 -0.190547 0.000000 0.577665 -0.028537 0.815775 0.000000 -45.815948 -0.074553 67.304268 1.000000
chevro12 xRoom5 chevroShape chevro2_mat_specular 0.843646 -0.052615 -0.534315 0.000000 0.085451 0.995660 0.036878 0.000000 0.530056 -0.076770 0.844480 0.000000 -44.724701 0.020107 88.288887 1.000000
chevro13 xRoom5 chevroShape chevro2_mat_specular 1.000000 0.000000 0.000000 0.000000 0.000000 1.000000 0.000000 0.000000 0.000000 0.000000 1.000000 0.000000 3.084569 0.000000 69.160896 1.000000
honda6 xRoom5 hondaShape honda2_mat_specular1 1.000000 0.000000 0.000000 0.000000 0.000000 1.000000 0.000000 0.000000 0.000000 0.000000 1.000000 0.000000 6.349381 0.000000 30.031601 1.000000
honda8 xRoom5 hondaShape honda2_mat_specular1 -0.982039 0.000000 0.188680 0.000000 0.000000 1.000000 0.000000 0.000000 -0.188680 0.000000 -0.982039 0.000000 -35.556450 0.000000 54.165531 1.000000
honda10 xRoom5 hondaShape honda2_mat_specular1 -0.967903 0.000000 0.251324 0.000000 0.000000 1.000000 0.000000 0.000000 -0.251324 0.000000 -0.967903 0.000000 -31.849819 -0.059167 104.440002 1.000000
honda11 xRoom5 hondaShape honda2_mat_specular1 0.930548 0.000000 -0.366169 0.000000 0.000000 1.000000 0.000000 0.000000 0.366169 0.000000 0.930548 0.000000 9.078257 0.000000 79.251701 1.000000
honda12 xRoom5 hondaShape honda2_mat_specular1 0.977404 -0.068641 -0.199923 0.000000 0.065329 0.997596 -0.023124 0.000000 0.201030 0.009541 0.979539 0.000000 -45.615520 0.040092 76.098343 1.000000
honda13 xRoom5 hondaShape honda2_mat_specular1 1.000000 0.000000 0.000000 0.000000 0.000000 1.000000 0.000000 0.000000 0.000000 0.000000 1.000000 0.000000 10.080590 0.000000 99.597153 1.000000
honda16 xRoom5 hondaShape honda2_mat_specular1 1.000000 0.000000 0.000000 0.000000 0.000000 1.000000 0.000000 0.000000 0.000000 0.000000 1.000000 0.000000 3.320089 0.024008 111.551300 1.000000
car_shadow_blue xRoom5 car_shadow_blueShape car_shadow_mat1 1.000000 0.000000 0.000000 0.000000 0.000000 1.000000 0.000000 0.000000 0.000000 0.000000 1.000000 0.000000 3.251547 0.030731 111.673798 1.000000
car_shadow_blue1 xRoom5 car_shadow_blueShape car_shadow_mat1 1.000000 0.000000 0.000000 0.000000 0.000000 1.000000 0.000000 0.000000 0.000000 0.000000 1.000000 0.000000 10.049030 0.029914 99.727692 1.000000
car_shadow_blue3 xRoom5 car_shadow_blueShape car_shadow_mat1 0.928898 0.000000 -0.370337 0.000000 0.000000 1.000000 0.000000 0.000000 0.370337 0.000000 0.928898 0.000000 9.098485 0.029914 79.410080 1.000000
car_shadow_blue4 xRoom5 car_shadow_blueShape car_shadow_mat1 1.000000 0.000000 0.000000 0.000000 0.000000 1.000000 0.000000 0.000000 0.000000 0.000000 1.000000 0.000000 6.264987 0.029914 30.220560 1.000000
car_shadow_brown1 xRoom5 car_shadow_brownShape car_shadow_mat1 -0.999566 0.000000 -0.029459 0.000000 0.000000 1.000000 0.000000 0.000000 0.029459 0.000000 -0.999566 0.000000 14.182350 0.029914 97.745979 1.000000
