xActor_cam_focus _ _
cam0_focus xActor_cam_focus _ -0.994066 0.000000 -0.108782 0.000000 0.002344 0.999768 -0.021416 0.000000 0.108756 -0.021544 -0.993835 0.000000 878.953341 -2.108225 114.828572 1.000000 1.000000 0.000000 0.000000 0.000000 0.000000 1.000000 0.000000 0.000000 0.000000 0.000000 1.000000 0.000000 0.000000 0.000000 0.000000 1.000000 
xActor_car_hero_dust_emitter _ _
car_hero_dust_emitter xActor_car_hero_dust_emitter _ -0.629363 -0.000829 0.777111 0.000000 -0.000385 1.000000 0.000755 0.000000 -0.777112 0.000176 -0.629363 0.000000 878.621387 -2.265336 116.196775 1.000000 1.000000 0.000000 0.000000 0.000000 0.000000 1.000000 0.000000 0.000000 0.000000 0.000000 1.000000 0.000000 0.000000 0.000000 0.000000 1.000000 
xActor_car_hero_wheel_BL_emitter _ _
car_hero_wheel_BL_emitter xActor_car_hero_wheel_BL_emitter _ -0.629363 -0.000829 0.777111 0.000000 -0.000385 1.000000 0.000755 0.000000 -0.777112 0.000176 -0.629363 0.000000 878.010407 -1.894586 116.879791 1.000000 1.000000 0.000000 0.000000 0.000000 0.000000 1.000000 0.000000 0.000000 0.000000 0.000000 1.000000 0.000000 0.000000 0.000000 0.000000 1.000000 
xActor_car_hero_wheei_BR_emitter _ _
car_hero_wheel_BR_emitter xActor_car_hero_wheei_BR_emitter _ -0.629363 -0.000829 0.777111 0.000000 -0.000385 1.000000 0.000755 0.000000 -0.777112 0.000176 -0.629363 0.000000 879.162140 -1.893069 115.457678 1.000000 1.000000 0.000000 0.000000 0.000000 0.000000 1.000000 0.000000 0.000000 0.000000 0.000000 1.000000 0.000000 0.000000 0.000000 0.000000 1.000000 
xActor_car_evil_dust_emitter _ _
car_evil_dust_emitter xActor_car_evil_dust_emitter _ -0.312900 -0.024083 0.949481 0.000000 0.402827 -0.908678 0.109704 0.000000 0.860130 0.416803 0.294027 0.000000 895.258944 -30.586673 123.785708 1.000000 1.000000 0.000000 0.000000 0.000000 0.000000 1.000000 0.000000 0.000000 0.000000 0.000000 1.000000 0.000000 0.000000 0.000000 0.000000 1.000000 
xActor_car_evil_wheel_BL_emitter _ _
car_evil_wheel_BL_emitter xActor_car_evil_wheel_BL_emitter _ -0.312900 -0.024083 0.949481 0.000000 0.402827 -0.908678 0.109704 0.000000 0.860130 0.416803 0.294027 0.000000 895.121898 -30.945398 124.695131 1.000000 1.000000 0.000000 0.000000 0.000000 0.000000 1.000000 0.000000 0.000000 0.000000 0.000000 1.000000 0.000000 0.000000 0.000000 0.000000 1.000000 
xActor_car_evil_wheel_BR_emitter _ _
car_evil_wheel_BR_emitter xActor_car_evil_wheel_BR_emitter _ -0.312900 -0.024083 0.949481 0.000000 0.402827 -0.908678 0.109704 0.000000 0.860130 0.416803 0.294027 0.000000 895.694506 -30.901326 122.957582 1.000000 1.000000 0.000000 0.000000 0.000000 0.000000 1.000000 0.000000 0.000000 0.000000 0.000000 1.000000 0.000000 0.000000 0.000000 0.000000 1.000000 
model_terrain_xActor_woodbar _ _
model_terrain_woodbar_root model_terrain_xActor_woodbar _ 1.000000 0.000000 0.000000 0.000000 0.000000 1.000000 0.000000 0.000000 0.000000 0.000000 1.000000 0.000000 0.000000 0.000000 0.000000 1.000000 1.000000 0.000000 0.000000 0.000000 0.000000 1.000000 0.000000 0.000000 0.000000 0.000000 1.000000 0.000000 0.000000 0.000000 0.000000 1.000000 
model_terrain_woodbar_b28_frag_020 model_terrain_woodbar_root mesh model_terrain_woodbar_b28_frag_020Shape model_terrain_scaffolding_mat -0.282549 -0.813981 -0.507544 0.000000 0.795769 -0.494349 0.349815 0.000000 -0.535646 -0.305048 0.787419 0.000000 985.692487 -188.693846 59.072225 1.000000 1.000000 0.000000 0.000000 0.000000 0.000000 1.000000 0.000000 0.000000 0.000000 0.000000 1.000000 0.000000 0.000000 0.000000 0.000000 1.000000 
model_terrain_woodbar_b28_frag_018 model_terrain_woodbar_root mesh model_terrain_woodbar_b28_frag_018Shape model_terrain_scaffolding_mat -0.038916 -0.258747 0.965161 0.000000 0.800296 -0.586441 -0.124949 0.000000 0.598341 0.767552 0.229896 0.000000 1008.669738 -204.654543 50.368219 1.000000 1.000000 0.000000 0.000000 0.000000 0.000000 1.000000 0.000000 0.000000 0.000000 0.000000 1.000000 0.000000 0.000000 0.000000 0.000000 1.000000 
model_terrain_woodbar_b28_frag_017 model_terrain_woodbar_root mesh model_terrain_woodbar_b28_frag_017Shape model_terrain_scaffolding_mat -0.142503 0.948679 -0.282315 0.000000 0.036327 0.290046 0.956323 0.000000 0.989128 0.126023 -0.075795 0.000000 991.050338 -211.328725 49.360780 1.000000 1.000000 0.000000 0.000000 0.000000 0.000000 1.000000 0.000000 0.000000 0.000000 0.000000 1.000000 0.000000 0.000000 0.000000 0.000000 1.000000 
model_terrain_woodbar_b28_frag_014 model_terrain_woodbar_root mesh model_terrain_woodbar_b28_frag_014Shape model_terrain_scaffolding_mat -0.201023 0.601706 0.773007 0.000000 0.233297 0.795817 -0.558791 0.000000 -0.951400 0.068011 -0.300354 0.000000 962.873782 -177.501171 41.340922 1.000000 1.000000 0.000000 0.000000 0.000000 0.000000 1.000000 0.000000 0.000000 0.000000 0.000000 1.000000 0.000000 0.000000 0.000000 0.000000 1.000000 
model_terrain_woodbar_b28_frag_013 model_terrain_woodbar_root mesh model_terrain_woodbar_b28_frag_013Shape model_terrain_scaffolding_mat -0.639240 0.273204 -0.718841 0.000000 -0.234231 -0.959521 -0.156384 0.000000 -0.732467 0.068408 0.677357 0.000000 998.041031 -217.727619 50.150044 1.000000 1.000000 0.000000 0.000000 0.000000 0.000000 1.000000 0.000000 0.000000 0.000000 0.000000 1.000000 0.000000 0.000000 0.000000 0.000000 1.000000 
model_terrain_woodbar_b28_frag_012 model_terrain_woodbar_root mesh model_terrain_woodbar_b28_frag_012Shape model_terrain_scaffolding_mat -0.564156 -0.155003 -0.810988 0.000000 0.337605 0.853055 -0.397895 0.000000 0.753492 -0.498269 -0.428926 0.000000 960.985734 -178.709159 40.889436 1.000000 1.000000 0.000000 0.000000 0.000000 0.000000 1.000000 0.000000 0.000000 0.000000 0.000000 1.000000 0.000000 0.000000 0.000000 0.000000 1.000000 
model_terrain_woodbar_b28_frag_011 model_terrain_woodbar_root mesh model_terrain_woodbar_b28_frag_011Shape model_terrain_scaffolding_mat 0.295383 0.949849 -0.102645 0.000000 0.903006 -0.312659 -0.294660 0.000000 -0.311976 -0.005652 -0.950073 0.000000 970.373037 -186.588745 34.531053 1.000000 1.000000 0.000000 0.000000 0.000000 0.000000 1.000000 0.000000 0.000000 0.000000 0.000000 1.000000 0.000000 0.000000 0.000000 0.000000 1.000000 
model_terrain_woodbar_b28_frag_010 model_terrain_woodbar_root mesh model_terrain_woodbar_b28_frag_010Shape model_terrain_scaffolding_mat 0.349018 0.848317 -0.398176 0.000000 0.933209 -0.275871 0.230250 0.000000 0.085480 -0.451943 -0.887942 0.000000 960.285103 -172.769797 41.969233 1.000000 1.000000 0.000000 0.000000 0.000000 0.000000 1.000000 0.000000 0.000000 0.000000 0.000000 1.000000 0.000000 0.000000 0.000000 0.000000 1.000000 
model_terrain_woodbar_b28_frag_009 model_terrain_woodbar_root mesh model_terrain_woodbar_b28_frag_009Shape model_terrain_scaffolding_mat -0.373891 -0.879315 0.294974 0.000000 0.886778 -0.432099 -0.164058 0.000000 0.271717 0.200237 0.941316 0.000000 960.043834 -171.407733 44.989620 1.000000 1.000000 0.000000 0.000000 0.000000 0.000000 1.000000 0.000000 0.000000 0.000000 0.000000 1.000000 0.000000 0.000000 0.000000 0.000000 1.000000 
model_terrain_woodbar_b28_frag_008 model_terrain_woodbar_root mesh model_terrain_woodbar_b28_frag_008Shape model_terrain_scaffolding_mat -0.872342 -0.034143 0.487703 0.000000 -0.488336 0.013096 -0.872558 0.000000 0.023405 -0.999331 -0.028098 0.000000 952.758769 -189.097938 78.767174 1.000000 1.000000 0.000000 0.000000 0.000000 0.000000 1.000000 0.000000 0.000000 0.000000 0.000000 1.000000 0.000000 0.000000 0.000000 0.000000 1.000000 
model_terrain_woodbar_b28_frag_007 model_terrain_woodbar_root mesh model_terrain_woodbar_b28_frag_007Shape model_terrain_scaffolding_mat -0.054723 0.994964 0.083975 0.000000 -0.790167 -0.094568 0.605552 0.000000 0.610443 -0.033217 0.791363 0.000000 939.794560 -166.540708 44.786697 1.000000 1.000000 0.000000 0.000000 0.000000 0.000000 1.000000 0.000000 0.000000 0.000000 0.000000 1.000000 0.000000 0.000000 0.000000 0.000000 1.000000 
model_terrain_woodbar_b28_frag_005 model_terrain_woodbar_root mesh model_terrain_woodbar_b28_frag_005Shape model_terrain_scaffolding_mat 0.674075 -0.235574 -0.700092 0.000000 0.656019 0.626540 0.420815 0.000000 0.339502 -0.742935 0.576876 0.000000 965.051233 -178.424311 39.967779 1.000000 1.000000 0.000000 0.000000 0.000000 0.000000 1.000000 0.000000 0.000000 0.000000 0.000000 1.000000 0.000000 0.000000 0.000000 0.000000 1.000000 
model_terrain_woodbar_b28_frag_004 model_terrain_woodbar_root mesh model_terrain_woodbar_b28_frag_004Shape model_terrain_scaffolding_mat 0.457429 0.263706 0.849245 0.000000 0.869439 -0.333073 -0.364881 0.000000 0.186640 0.905274 -0.381634 0.000000 926.366722 -177.740649 87.499159 1.000000 1.000000 0.000000 0.000000 0.000000 0.000000 1.000000 0.000000 0.000000 0.000000 0.000000 1.000000 0.000000 0.000000 0.000000 0.000000 1.000000 
model_terrain_woodbar_b28_frag_003 model_terrain_woodbar_root mesh model_terrain_woodbar_b28_frag_003Shape model_terrain_scaffolding_mat 0.248971 -0.275992 -0.928354 0.000000 -0.761803 0.536090 -0.363680 0.000000 0.598054 0.797769 -0.076781 0.000000 10918.319655 -3202.116890 8452.888336 1.000000 1.000000 0.000000 0.000000 0.000000 0.000000 1.000000 0.000000 0.000000 0.000000 0.000000 1.000000 0.000000 0.000000 0.000000 0.000000 1.000000 
model_terrain_woodbar_a32_frag_027 model_terrain_woodbar_root mesh model_terrain_woodbar_a32_frag_027Shape model_terrain_scaffolding_mat 0.751166 0.640346 0.160331 0.000000 -0.553989 0.743600 -0.374373 0.000000 -0.358951 0.192394 0.913312 0.000000 514842.185581 -54010.236404 568366.527774 1.000000 1.000000 0.000000 0.000000 0.000000 0.000000 1.000000 0.000000 0.000000 0.000000 0.000000 1.000000 0.000000 0.000000 0.000000 0.000000 1.000000 
model_terrain_woodbar_a32_frag_025 model_terrain_woodbar_root mesh model_terrain_woodbar_a32_frag_025Shape model_terrain_scaffolding_mat 0.423257 0.248879 -0.871156 0.000000 0.881928 -0.333392 0.333244 0.000000 -0.207499 -0.909345 -0.360604 0.000000 891.189297 -2.395681 98.852598 1.000000 1.000000 0.000000 0.000000 0.000000 0.000000 1.000000 0.000000 0.000000 0.000000 0.000000 1.000000 0.000000 0.000000 0.000000 0.000000 1.000000 
model_terrain_woodbar_a32_frag_020 model_terrain_woodbar_root mesh model_terrain_woodbar_a32_frag_020Shape model_terrain_scaffolding_mat -0.742658 0.634535 0.214065 0.000000 -0.661465 -0.645185 -0.382361 0.000000 -0.104510 -0.425560 0.898875 0.000000 901.253615 -173.736154 132.860318 1.000000 1.000000 0.000000 0.000000 0.000000 0.000000 1.000000 0.000000 0.000000 0.000000 0.000000 1.000000 0.000000 0.000000 0.000000 0.000000 1.000000 
model_terrain_woodbar_a32_frag_011 model_terrain_woodbar_root mesh model_terrain_woodbar_a32_frag_011Shape model_terrain_scaffolding_mat 0.145368 0.719953 -0.678628 0.000000 -0.321890 0.683012 0.655653 0.000000 0.935551 0.123132 0.331034 0.000000 733.801373 2.830598 -179.834883 1.000000 1.000000 0.000000 0.000000 0.000000 0.000000 1.000000 0.000000 0.000000 0.000000 0.000000 1.000000 0.000000 0.000000 0.000000 0.000000 1.000000 
model_terrain_woodbar_a32_frag_010 model_terrain_woodbar_root mesh model_terrain_woodbar_a32_frag_010Shape model_terrain_scaffolding_mat -0.073806 0.990520 -0.115858 0.000000 0.198810 0.128457 0.971583 0.000000 0.977255 0.048675 -0.206406 0.000000 873.526036 -2.452246 111.781273 1.000000 1.000000 0.000000 0.000000 0.000000 0.000000 1.000000 0.000000 0.000000 0.000000 0.000000 1.000000 0.000000 0.000000 0.000000 0.000000 1.000000 
model_terrain_woodbar_a32_frag_004 model_terrain_woodbar_root mesh model_terrain_woodbar_a32_frag_004Shape model_terrain_scaffolding_mat -0.819534 -0.259213 0.511051 0.000000 0.570794 -0.448003 0.688104 0.000000 0.050587 0.855629 0.515111 0.000000 1172.612156 476.201577 1514.132407 1.000000 1.000000 0.000000 0.000000 0.000000 0.000000 1.000000 0.000000 0.000000 0.000000 0.000000 1.000000 0.000000 0.000000 0.000000 0.000000 1.000000 
model_terrain_woodbar_a32_frag_003 model_terrain_woodbar_root mesh model_terrain_woodbar_a32_frag_003Shape model_terrain_scaffolding_mat 0.377650 -0.882357 -0.280762 0.000000 0.482835 -0.071074 0.872823 0.000000 -0.790096 -0.465183 0.399191 0.000000 871.521484 -2.491487 119.181348 1.000000 1.000000 0.000000 0.000000 0.000000 0.000000 1.000000 0.000000 0.000000 0.000000 0.000000 1.000000 0.000000 0.000000 0.000000 0.000000 1.000000 
model_terrain_woodbar_a32_frag_001 model_terrain_woodbar_root mesh model_terrain_woodbar_a32_frag_001Shape model_terrain_scaffolding_mat 0.420393 -0.774924 -0.471977 0.000000 -0.554031 -0.631177 0.542831 0.000000 -0.718554 0.033287 -0.694674 0.000000 1664.862759 955.227121 745.967895 1.000000 1.000000 0.000000 0.000000 0.000000 0.000000 1.000000 0.000000 0.000000 0.000000 0.000000 1.000000 0.000000 0.000000 0.000000 0.000000 1.000000 
model_terrain_woodbar_c17_frag_038 model_terrain_woodbar_root mesh model_terrain_woodbar_c17_frag_038Shape model_terrain_scaffolding_mat -0.680463 0.249303 -0.689071 0.000000 0.710963 -0.003154 -0.703222 0.000000 -0.177489 -0.968420 -0.175099 0.000000 879.060156 -2.363759 117.811016 1.000000 1.000000 0.000000 0.000000 0.000000 0.000000 1.000000 0.000000 0.000000 0.000000 0.000000 1.000000 0.000000 0.000000 0.000000 0.000000 1.000000 
model_terrain_woodbar_c17_frag_036 model_terrain_woodbar_root mesh model_terrain_woodbar_c17_frag_036Shape model_terrain_scaffolding_mat -0.954710 0.100621 0.280006 0.000000 0.210499 -0.436685 0.874641 0.000000 0.210282 0.893970 0.395727 0.000000 731.100616 -156.731553 -152.410149 1.000000 1.000000 0.000000 0.000000 0.000000 0.000000 1.000000 0.000000 0.000000 0.000000 0.000000 1.000000 0.000000 0.000000 0.000000 0.000000 1.000000 
model_terrain_woodbar_c17_frag_034 model_terrain_woodbar_root mesh model_terrain_woodbar_c17_frag_034Shape model_terrain_scaffolding_mat -0.444020 -0.001387 0.896016 0.000000 -0.890375 -0.111356 -0.441397 0.000000 0.100389 -0.993780 0.048210 0.000000 880.927656 -2.347653 116.738467 1.000000 1.000000 0.000000 0.000000 0.000000 0.000000 1.000000 0.000000 0.000000 0.000000 0.000000 1.000000 0.000000 0.000000 0.000000 0.000000 1.000000 
model_terrain_woodbar_c17_frag_033 model_terrain_woodbar_root mesh model_terrain_woodbar_c17_frag_033Shape model_terrain_scaffolding_mat 0.166715 -0.955337 -0.244001 0.000000 0.192536 -0.211159 0.958302 0.000000 -0.967024 -0.206742 0.148733 0.000000 684.427843 -38.626504 -53.286128 1.000000 1.000000 0.000000 0.000000 0.000000 0.000000 1.000000 0.000000 0.000000 0.000000 0.000000 1.000000 0.000000 0.000000 0.000000 0.000000 1.000000 
model_terrain_woodbar_c17_frag_029 model_terrain_woodbar_root mesh model_terrain_woodbar_c17_frag_029Shape model_terrain_scaffolding_mat 0.014048 0.987133 -0.159283 0.000000 0.706562 -0.122517 -0.696965 0.000000 -0.707512 -0.102753 -0.699192 0.000000 866.901641 -2.434525 110.765664 1.000000 1.000000 0.000000 0.000000 0.000000 0.000000 1.000000 0.000000 0.000000 0.000000 0.000000 1.000000 0.000000 0.000000 0.000000 0.000000 1.000000 
model_terrain_woodbar_c17_frag_027 model_terrain_woodbar_root mesh model_terrain_woodbar_c17_frag_027Shape model_terrain_scaffolding_mat -0.810429 0.545513 0.213587 0.000000 -0.449322 -0.344850 -0.824129 0.000000 -0.375917 -0.763868 0.524588 0.000000 853.287838 -105.924448 -52.408289 1.000000 1.000000 0.000000 0.000000 0.000000 0.000000 1.000000 0.000000 0.000000 0.000000 0.000000 1.000000 0.000000 0.000000 0.000000 0.000000 1.000000 
model_terrain_woodbar_c17_frag_026 model_terrain_woodbar_root mesh model_terrain_woodbar_c17_frag_026Shape model_terrain_scaffolding_mat 0.307270 -0.264060 0.914252 0.000000 0.951454 0.067196 -0.300366 0.000000 0.017881 0.962163 0.271888 0.000000 878.228359 -2.419456 115.342910 1.000000 1.000000 0.000000 0.000000 0.000000 0.000000 1.000000 0.000000 0.000000 0.000000 0.000000 1.000000 0.000000 0.000000 0.000000 0.000000 1.000000 
model_terrain_woodbar_c17_frag_022 model_terrain_woodbar_root mesh model_terrain_woodbar_c17_frag_022Shape model_terrain_scaffolding_mat 0.693142 -0.359775 0.624593 0.000000 0.668841 -0.002008 -0.743403 0.000000 0.268712 0.933037 0.239240 0.000000 879.356797 -2.351655 117.694678 1.000000 1.000000 0.000000 0.000000 0.000000 0.000000 1.000000 0.000000 0.000000 0.000000 0.000000 1.000000 0.000000 0.000000 0.000000 0.000000 1.000000 
model_terrain_woodbar_c17_frag_020 model_terrain_woodbar_root mesh model_terrain_woodbar_c17_frag_020Shape model_terrain_scaffolding_mat -0.545766 -0.315907 0.776107 0.000000 -0.561683 0.825240 -0.059075 0.000000 -0.621813 -0.468168 -0.627828 0.000000 944.101645 -127.449103 90.920180 1.000000 1.000000 0.000000 0.000000 0.000000 0.000000 1.000000 0.000000 0.000000 0.000000 0.000000 1.000000 0.000000 0.000000 0.000000 0.000000 1.000000 
model_terrain_woodbar_c17_frag_018 model_terrain_woodbar_root mesh model_terrain_woodbar_c17_frag_018Shape model_terrain_scaffolding_mat -0.280700 -0.692822 -0.664233 0.000000 0.862398 0.121703 -0.491383 0.000000 0.421280 -0.710765 0.563326 0.000000 876.910859 -2.599489 117.961133 1.000000 1.000000 0.000000 0.000000 0.000000 0.000000 1.000000 0.000000 0.000000 0.000000 0.000000 1.000000 0.000000 0.000000 0.000000 0.000000 1.000000 
model_terrain_woodbar_c17_frag_013 model_terrain_woodbar_root mesh model_terrain_woodbar_c17_frag_013Shape model_terrain_scaffolding_mat -0.817421 0.344864 -0.461402 0.000000 0.488102 -0.010703 -0.872721 0.000000 -0.305909 -0.938592 -0.159579 0.000000 877.721094 -2.374361 120.046045 1.000000 1.000000 0.000000 0.000000 0.000000 0.000000 1.000000 0.000000 0.000000 0.000000 0.000000 1.000000 0.000000 0.000000 0.000000 0.000000 1.000000 
model_terrain_woodbar_c17_frag_010 model_terrain_woodbar_root mesh model_terrain_woodbar_c17_frag_010Shape model_terrain_scaffolding_mat 0.274760 0.953741 0.122003 0.000000 0.624010 -0.080340 -0.777275 0.000000 -0.731518 0.289695 -0.617219 0.000000 931.738928 -99.198863 95.781835 1.000000 1.000000 0.000000 0.000000 0.000000 0.000000 1.000000 0.000000 0.000000 0.000000 0.000000 1.000000 0.000000 0.000000 0.000000 0.000000 1.000000 
model_terrain_woodbar_c17_frag_009 model_terrain_woodbar_root mesh model_terrain_woodbar_c17_frag_009Shape model_terrain_scaffolding_mat 0.620498 -0.354765 0.699374 0.000000 -0.784208 -0.279565 0.553951 0.000000 -0.001002 -0.892180 -0.451679 0.000000 877.342188 -2.350054 102.307881 1.000000 1.000000 0.000000 0.000000 0.000000 0.000000 1.000000 0.000000 0.000000 0.000000 0.000000 1.000000 0.000000 0.000000 0.000000 0.000000 1.000000 
model_terrain_woodbar_c17_frag_008 model_terrain_woodbar_root mesh model_terrain_woodbar_c17_frag_008Shape model_terrain_scaffolding_mat 0.758075 -0.651603 0.027115 0.000000 0.080518 0.052255 -0.995382 0.000000 0.647178 0.756758 0.092079 0.000000 880.401484 -2.380641 115.753545 1.000000 1.000000 0.000000 0.000000 0.000000 0.000000 1.000000 0.000000 0.000000 0.000000 0.000000 1.000000 0.000000 0.000000 0.000000 0.000000 1.000000 
model_terrain_woodbar_c17_frag_006 model_terrain_woodbar_root mesh model_terrain_woodbar_c17_frag_006Shape model_terrain_scaffolding_mat -0.566975 0.656225 -0.497904 0.000000 0.662154 0.003528 -0.749360 0.000000 -0.489992 -0.754557 -0.436521 0.000000 877.274141 -2.420651 115.941230 1.000000 1.000000 0.000000 0.000000 0.000000 0.000000 1.000000 0.000000 0.000000 0.000000 0.000000 1.000000 0.000000 0.000000 0.000000 0.000000 1.000000 
model_terrain_woodbar_c17_frag_004 model_terrain_woodbar_root mesh model_terrain_woodbar_c17_frag_004Shape model_terrain_scaffolding_mat -0.655973 -0.399847 -0.640173 0.000000 0.697694 0.002369 -0.716392 0.000000 0.287964 -0.916579 0.277417 0.000000 873.379922 -2.314005 122.480146 1.000000 1.000000 0.000000 0.000000 0.000000 0.000000 1.000000 0.000000 0.000000 0.000000 0.000000 1.000000 0.000000 0.000000 0.000000 0.000000 1.000000 
model_terrain_woodbar_c17_frag_002 model_terrain_woodbar_root mesh model_terrain_woodbar_c17_frag_002Shape model_terrain_scaffolding_mat -0.656519 0.347158 -0.669674 0.000000 0.715510 0.005546 -0.698580 0.000000 -0.238803 -0.937790 -0.252036 0.000000 878.824375 -2.363479 119.281543 1.000000 1.000000 0.000000 0.000000 0.000000 0.000000 1.000000 0.000000 0.000000 0.000000 0.000000 1.000000 0.000000 0.000000 0.000000 0.000000 1.000000 
model_terrain_woodbar_a31_frag_049 model_terrain_woodbar_root mesh model_terrain_woodbar_a31_frag_049Shape model_terrain_scaffolding_mat 0.362584 0.750754 0.552178 0.000000 0.052461 0.575116 -0.816388 0.000000 -0.930473 0.324977 0.169142 0.000000 1001.112665 -204.629951 66.253505 1.000000 1.000000 0.000000 0.000000 0.000000 0.000000 1.000000 0.000000 0.000000 0.000000 0.000000 1.000000 0.000000 0.000000 0.000000 0.000000 1.000000 
model_terrain_woodbar_a31_frag_026 model_terrain_woodbar_root mesh model_terrain_woodbar_a31_frag_026Shape model_terrain_scaffolding_mat -0.173727 0.458639 0.871475 0.000000 0.385672 0.845932 -0.368314 0.000000 -0.906132 0.272118 -0.323846 0.000000 997.426968 -201.304430 46.700388 1.000000 1.000000 0.000000 0.000000 0.000000 0.000000 1.000000 0.000000 0.000000 0.000000 0.000000 1.000000 0.000000 0.000000 0.000000 0.000000 1.000000 
model_terrain_woodbar_a31_frag_025 model_terrain_woodbar_root mesh model_terrain_woodbar_a31_frag_025Shape model_terrain_scaffolding_mat -0.002418 0.922272 0.386535 0.000000 0.432172 -0.347611 0.832102 0.000000 0.901788 0.169062 -0.397739 0.000000 919.393450 -177.816614 100.665053 1.000000 1.000000 0.000000 0.000000 0.000000 0.000000 1.000000 0.000000 0.000000 0.000000 0.000000 1.000000 0.000000 0.000000 0.000000 0.000000 1.000000 
model_terrain_woodbar_a31_frag_022 model_terrain_woodbar_root mesh model_terrain_woodbar_a31_frag_022Shape model_terrain_scaffolding_mat 0.177297 -0.815824 -0.550451 0.000000 0.950197 -0.003761 0.311628 0.000000 -0.256304 -0.578288 0.774526 0.000000 1012.492226 -211.687333 94.565989 1.000000 1.000000 0.000000 0.000000 0.000000 0.000000 1.000000 0.000000 0.000000 0.000000 0.000000 1.000000 0.000000 0.000000 0.000000 0.000000 1.000000 
model_terrain_woodbar_a31_frag_020 model_terrain_woodbar_root mesh model_terrain_woodbar_a31_frag_020Shape model_terrain_scaffolding_mat -0.034946 -0.826037 0.562532 0.000000 -0.259873 -0.536002 -0.803224 0.000000 0.965010 -0.174256 -0.195934 0.000000 952.276752 -200.039731 99.247010 1.000000 1.000000 0.000000 0.000000 0.000000 0.000000 1.000000 0.000000 0.000000 0.000000 0.000000 1.000000 0.000000 0.000000 0.000000 0.000000 1.000000 
model_terrain_woodbar_a31_frag_014 model_terrain_woodbar_root mesh model_terrain_woodbar_a31_frag_014Shape model_terrain_scaffolding_mat -0.752210 -0.244571 0.611854 0.000000 -0.062250 0.950789 0.303521 0.000000 -0.655977 0.190223 -0.730418 0.000000 1009.674242 -208.442342 42.741162 1.000000 1.000000 0.000000 0.000000 0.000000 0.000000 1.000000 0.000000 0.000000 0.000000 0.000000 1.000000 0.000000 0.000000 0.000000 0.000000 1.000000 
model_terrain_woodbar_a31_frag_004 model_terrain_woodbar_root mesh model_terrain_woodbar_a31_frag_004Shape model_terrain_scaffolding_mat -0.959992 -0.043335 -0.276652 0.000000 -0.193321 0.817306 0.542806 0.000000 0.202587 0.574572 -0.792985 0.000000 1018.323084 -204.204932 47.277960 1.000000 1.000000 0.000000 0.000000 0.000000 0.000000 1.000000 0.000000 0.000000 0.000000 0.000000 1.000000 0.000000 0.000000 0.000000 0.000000 1.000000 
model_terrain_woodbar_a31_frag_003 model_terrain_woodbar_root mesh model_terrain_woodbar_a31_frag_003Shape model_terrain_scaffolding_mat 0.122717 -0.930680 0.344639 0.000000 -0.762298 0.133969 0.633209 0.000000 -0.635485 -0.340423 -0.693015 0.000000 1025.933839 -211.539939 71.489505 1.000000 1.000000 0.000000 0.000000 0.000000 0.000000 1.000000 0.000000 0.000000 0.000000 0.000000 1.000000 0.000000 0.000000 0.000000 0.000000 1.000000 
model_terrain_woodbar_a31_frag_001 model_terrain_woodbar_root mesh model_terrain_woodbar_a31_frag_001Shape model_terrain_scaffolding_mat 0.352139 -0.809264 -0.470202 0.000000 0.900792 0.429435 -0.064488 0.000000 0.254109 -0.400845 0.880200 0.000000 900.311186 -197.585774 124.850581 1.000000 1.000000 0.000000 0.000000 0.000000 0.000000 1.000000 0.000000 0.000000 0.000000 0.000000 1.000000 0.000000 0.000000 0.000000 0.000000 1.000000 
model_terrain_woodbar_c15_frag_037 model_terrain_woodbar_root mesh model_terrain_woodbar_c15_frag_037Shape model_terrain_scaffolding_mat 0.305497 0.949635 -0.069744 0.000000 -0.629358 0.256343 0.733619 0.000000 0.714549 -0.180224 0.675973 0.000000 894.185850 -118.927974 132.419775 1.000000 1.000000 0.000000 0.000000 0.000000 0.000000 1.000000 0.000000 0.000000 0.000000 0.000000 1.000000 0.000000 0.000000 0.000000 0.000000 1.000000 
model_terrain_woodbar_c15_frag_036 model_terrain_woodbar_root mesh model_terrain_woodbar_c15_frag_036Shape model_terrain_scaffolding_mat 0.850702 -0.349990 0.392191 0.000000 0.521286 0.465793 -0.715050 0.000000 0.067581 0.812738 0.578696 0.000000 947.298286 -166.619235 72.724528 1.000000 1.000000 0.000000 0.000000 0.000000 0.000000 1.000000 0.000000 0.000000 0.000000 0.000000 1.000000 0.000000 0.000000 0.000000 0.000000 1.000000 
model_terrain_woodbar_c15_frag_035 model_terrain_woodbar_root mesh model_terrain_woodbar_c15_frag_035Shape model_terrain_scaffolding_mat -0.239381 -0.970078 -0.040568 0.000000 -0.130135 -0.009349 0.991452 0.000000 -0.962165 0.242614 -0.124004 0.000000 876.277734 -2.434990 119.138174 1.000000 1.000000 0.000000 0.000000 0.000000 0.000000 1.000000 0.000000 0.000000 0.000000 0.000000 1.000000 0.000000 0.000000 0.000000 0.000000 1.000000 
model_terrain_woodbar_c15_frag_033 model_terrain_woodbar_root mesh model_terrain_woodbar_c15_frag_033Shape model_terrain_scaffolding_mat 0.259730 0.889616 -0.375664 0.000000 -0.945483 0.155118 -0.286358 0.000000 -0.196476 0.429560 0.881405 0.000000 895.140517 -108.784794 128.979876 1.000000 1.000000 0.000000 0.000000 0.000000 0.000000 1.000000 0.000000 0.000000 0.000000 0.000000 1.000000 0.000000 0.000000 0.000000 0.000000 1.000000 
model_terrain_woodbar_c15_frag_032 model_terrain_woodbar_root mesh model_terrain_woodbar_c15_frag_032Shape model_terrain_scaffolding_mat -0.777060 -0.067414 0.625806 0.000000 -0.402260 0.817896 -0.411378 0.000000 -0.484112 -0.571403 -0.662672 0.000000 953.940782 -168.985983 41.180378 1.000000 1.000000 0.000000 0.000000 0.000000 0.000000 1.000000 0.000000 0.000000 0.000000 0.000000 1.000000 0.000000 0.000000 0.000000 0.000000 1.000000 
model_terrain_woodbar_c15_frag_031 model_terrain_woodbar_root mesh model_terrain_woodbar_c15_frag_031Shape model_terrain_scaffolding_mat -0.061686 -0.949547 0.307500 0.000000 0.297208 -0.311585 -0.902542 0.000000 0.952818 0.035717 0.301433 0.000000 971.995015 -187.651294 31.436036 1.000000 1.000000 0.000000 0.000000 0.000000 0.000000 1.000000 0.000000 0.000000 0.000000 0.000000 1.000000 0.000000 0.000000 0.000000 0.000000 1.000000 
model_terrain_woodbar_c15_frag_030 model_terrain_woodbar_root mesh model_terrain_woodbar_c15_frag_030Shape model_terrain_scaffolding_mat 0.988910 -0.135465 -0.060874 0.000000 0.147772 0.938427 0.312279 0.000000 0.014823 -0.317812 0.948038 0.000000 976.208517 -184.694554 53.737612 1.000000 1.000000 0.000000 0.000000 0.000000 0.000000 1.000000 0.000000 0.000000 0.000000 0.000000 1.000000 0.000000 0.000000 0.000000 0.000000 1.000000 
model_terrain_woodbar_c15_frag_027 model_terrain_woodbar_root mesh model_terrain_woodbar_c15_frag_027Shape model_terrain_scaffolding_mat -0.508489 0.620580 -0.596925 0.000000 0.358963 -0.477351 -0.802048 0.000000 -0.782678 -0.622107 0.019963 0.000000 988.042552 -172.590122 52.404907 1.000000 1.000000 0.000000 0.000000 0.000000 0.000000 1.000000 0.000000 0.000000 0.000000 0.000000 1.000000 0.000000 0.000000 0.000000 0.000000 1.000000 
model_terrain_woodbar_c15_frag_025 model_terrain_woodbar_root mesh model_terrain_woodbar_c15_frag_025Shape model_terrain_scaffolding_mat -0.794754 0.365366 -0.484638 0.000000 0.560442 0.748279 -0.354941 0.000000 0.232962 -0.553702 -0.799464 0.000000 992.222019 -203.473315 48.680541 1.000000 1.000000 0.000000 0.000000 0.000000 0.000000 1.000000 0.000000 0.000000 0.000000 0.000000 1.000000 0.000000 0.000000 0.000000 0.000000 1.000000 
model_terrain_woodbar_c15_frag_022 model_terrain_woodbar_root mesh model_terrain_woodbar_c15_frag_022Shape model_terrain_scaffolding_mat -0.721531 0.097506 0.685482 0.000000 -0.530512 0.558329 -0.637829 0.000000 -0.444917 -0.823870 -0.351123 0.000000 963.976779 -173.919337 34.999075 1.000000 1.000000 0.000000 0.000000 0.000000 0.000000 1.000000 0.000000 0.000000 0.000000 0.000000 1.000000 0.000000 0.000000 0.000000 0.000000 1.000000 
model_terrain_woodbar_c15_frag_021 model_terrain_woodbar_root mesh model_terrain_woodbar_c15_frag_021Shape model_terrain_scaffolding_mat -0.099532 0.972770 -0.209311 0.000000 0.621847 -0.103407 -0.776282 0.000000 -0.776788 -0.207424 -0.594622 0.000000 881.569063 -2.361371 89.312490 1.000000 1.000000 0.000000 0.000000 0.000000 0.000000 1.000000 0.000000 0.000000 0.000000 0.000000 1.000000 0.000000 0.000000 0.000000 0.000000 1.000000 
model_terrain_woodbar_c15_frag_019 model_terrain_woodbar_root mesh model_terrain_woodbar_c15_frag_019Shape model_terrain_scaffolding_mat 0.486676 0.834698 0.257730 0.000000 0.525013 -0.043665 -0.849973 0.000000 -0.698218 0.548973 -0.459478 0.000000 913.563902 -136.880515 101.311457 1.000000 1.000000 0.000000 0.000000 0.000000 0.000000 1.000000 0.000000 0.000000 0.000000 0.000000 1.000000 0.000000 0.000000 0.000000 0.000000 1.000000 
model_terrain_woodbar_c15_frag_018 model_terrain_woodbar_root mesh model_terrain_woodbar_c15_frag_018Shape model_terrain_scaffolding_mat 0.396108 -0.708696 0.583822 0.000000 0.907225 0.400104 -0.129847 0.000000 -0.141567 0.581091 0.801431 0.000000 983.769734 -176.245468 34.024848 1.000000 1.000000 0.000000 0.000000 0.000000 0.000000 1.000000 0.000000 0.000000 0.000000 0.000000 1.000000 0.000000 0.000000 0.000000 0.000000 1.000000 
model_terrain_woodbar_c15_frag_017 model_terrain_woodbar_root mesh model_terrain_woodbar_c15_frag_017Shape model_terrain_scaffolding_mat 0.642159 -0.347208 0.683432 0.000000 0.689721 0.650776 -0.317451 0.000000 -0.334540 0.675231 0.657378 0.000000 982.718108 -181.957364 34.449560 1.000000 1.000000 0.000000 0.000000 0.000000 0.000000 1.000000 0.000000 0.000000 0.000000 0.000000 1.000000 0.000000 0.000000 0.000000 0.000000 1.000000 
model_terrain_woodbar_c15_frag_016 model_terrain_woodbar_root mesh model_terrain_woodbar_c15_frag_016Shape model_terrain_scaffolding_mat 0.800705 -0.070216 -0.594930 0.000000 0.467398 -0.547968 0.693736 0.000000 -0.374714 -0.833547 -0.405941 0.000000 964.108971 -177.364255 39.009221 1.000000 1.000000 0.000000 0.000000 0.000000 0.000000 1.000000 0.000000 0.000000 0.000000 0.000000 1.000000 0.000000 0.000000 0.000000 0.000000 1.000000 
model_terrain_woodbar_c15_frag_015 model_terrain_woodbar_root mesh model_terrain_woodbar_c15_frag_015Shape model_terrain_scaffolding_mat -0.309454 0.669634 -0.675151 0.000000 -0.400531 0.552159 0.731229 0.000000 0.862446 0.496700 0.097341 0.000000 956.281506 -170.762023 42.073706 1.000000 1.000000 0.000000 0.000000 0.000000 0.000000 1.000000 0.000000 0.000000 0.000000 0.000000 1.000000 0.000000 0.000000 0.000000 0.000000 1.000000 
model_terrain_woodbar_c15_frag_014 model_terrain_woodbar_root mesh model_terrain_woodbar_c15_frag_014Shape model_terrain_scaffolding_mat -0.998342 -0.023614 -0.052497 0.000000 0.051343 0.047073 -0.997571 0.000000 0.026028 -0.998612 -0.045782 0.000000 -2337.962476 400.063837 -431.311003 1.000000 1.000000 0.000000 0.000000 0.000000 0.000000 1.000000 0.000000 0.000000 0.000000 0.000000 1.000000 0.000000 0.000000 0.000000 0.000000 1.000000 
model_terrain_woodbar_c15_frag_013 model_terrain_woodbar_root mesh model_terrain_woodbar_c15_frag_013Shape model_terrain_scaffolding_mat 0.198476 -0.970397 -0.137610 0.000000 0.715219 0.047403 0.697291 0.000000 -0.670126 -0.236817 0.703455 0.000000 966.730778 -180.393287 37.804525 1.000000 1.000000 0.000000 0.000000 0.000000 0.000000 1.000000 0.000000 0.000000 0.000000 0.000000 1.000000 0.000000 0.000000 0.000000 0.000000 1.000000 
model_terrain_woodbar_c15_frag_012 model_terrain_woodbar_root mesh model_terrain_woodbar_c15_frag_012Shape model_terrain_scaffolding_mat -0.846694 0.434626 0.306937 0.000000 -0.527737 -0.759525 -0.380283 0.000000 0.067846 -0.483966 0.872453 0.000000 2114.905709 172.396295 1583.769744 1.000000 1.000000 0.000000 0.000000 0.000000 0.000000 1.000000 0.000000 0.000000 0.000000 0.000000 1.000000 0.000000 0.000000 0.000000 0.000000 1.000000 
model_terrain_woodbar_c15_frag_010 model_terrain_woodbar_root mesh model_terrain_woodbar_c15_frag_010Shape model_terrain_scaffolding_mat 0.319496 -0.820286 0.474398 0.000000 0.518384 -0.267780 -0.812140 0.000000 0.793222 0.505396 0.339668 0.000000 934.718610 -151.726054 70.612174 1.000000 1.000000 0.000000 0.000000 0.000000 0.000000 1.000000 0.000000 0.000000 0.000000 0.000000 1.000000 0.000000 0.000000 0.000000 0.000000 1.000000 
model_terrain_woodbar_c15_frag_009 model_terrain_woodbar_root mesh model_terrain_woodbar_c15_frag_009Shape model_terrain_scaffolding_mat 0.792672 -0.609638 0.003625 0.000000 -0.022296 -0.034931 -0.999141 0.000000 0.609241 0.791910 -0.041281 0.000000 977.061630 -186.876551 40.830702 1.000000 1.000000 0.000000 0.000000 0.000000 0.000000 1.000000 0.000000 0.000000 0.000000 0.000000 1.000000 0.000000 0.000000 0.000000 0.000000 1.000000 
model_terrain_woodbar_c15_frag_008 model_terrain_woodbar_root mesh model_terrain_woodbar_c15_frag_008Shape model_terrain_scaffolding_mat -0.964301 -0.218138 -0.150130 0.000000 -0.259333 0.892614 0.368765 0.000000 0.053567 0.394534 -0.917319 0.000000 1127.337928 1633.537494 1444.277362 1.000000 1.000000 0.000000 0.000000 0.000000 0.000000 1.000000 0.000000 0.000000 0.000000 0.000000 1.000000 0.000000 0.000000 0.000000 0.000000 1.000000 
model_terrain_woodbar_c15_frag_007 model_terrain_woodbar_root mesh model_terrain_woodbar_c15_frag_007Shape model_terrain_scaffolding_mat -0.874033 0.294559 -0.386394 0.000000 0.472213 0.327799 -0.818268 0.000000 -0.114368 -0.897654 -0.425602 0.000000 898.298818 -74.312101 118.434812 1.000000 1.000000 0.000000 0.000000 0.000000 0.000000 1.000000 0.000000 0.000000 0.000000 0.000000 1.000000 0.000000 0.000000 0.000000 0.000000 1.000000 
model_terrain_woodbar_c15_frag_006 model_terrain_woodbar_root mesh model_terrain_woodbar_c15_frag_006Shape model_terrain_scaffolding_mat 0.388169 -0.692023 -0.608629 0.000000 -0.823104 0.036716 -0.566703 0.000000 0.414518 0.720941 -0.555355 0.000000 632.292615 789.629383 -339.917153 1.000000 1.000000 0.000000 0.000000 0.000000 0.000000 1.000000 0.000000 0.000000 0.000000 0.000000 1.000000 0.000000 0.000000 0.000000 0.000000 1.000000 
model_terrain_woodbar_c15_frag_003 model_terrain_woodbar_root mesh model_terrain_woodbar_c15_frag_003Shape model_terrain_scaffolding_mat 0.716232 -0.449291 -0.533993 0.000000 0.647320 0.141823 0.748908 0.000000 -0.260746 -0.882056 0.392413 0.000000 880.943516 -2.376464 116.348232 1.000000 1.000000 0.000000 0.000000 0.000000 0.000000 1.000000 0.000000 0.000000 0.000000 0.000000 1.000000 0.000000 0.000000 0.000000 0.000000 1.000000 
model_terrain_woodbar_c15_frag_002 model_terrain_woodbar_root mesh model_terrain_woodbar_c15_frag_002Shape model_terrain_scaffolding_mat -0.125368 -0.749679 0.649819 0.000000 0.719923 -0.519417 -0.460345 0.000000 0.682638 0.410107 0.604829 0.000000 5785.212055 318.943582 7611.121651 1.000000 1.000000 0.000000 0.000000 0.000000 0.000000 1.000000 0.000000 0.000000 0.000000 0.000000 1.000000 0.000000 0.000000 0.000000 0.000000 1.000000 
model_terrain_woodbar_c15_frag_001 model_terrain_woodbar_root mesh model_terrain_woodbar_c15_frag_001Shape model_terrain_scaffolding_mat -0.884068 -0.323417 0.337380 0.000000 -0.421050 0.864461 -0.274634 0.000000 -0.202831 -0.384849 -0.900417 0.000000 967.524442 -177.513343 33.619453 1.000000 1.000000 0.000000 0.000000 0.000000 0.000000 1.000000 0.000000 0.000000 0.000000 0.000000 1.000000 0.000000 0.000000 0.000000 0.000000 1.000000 
model_terrain_woodbar_c16_frag_027 model_terrain_woodbar_root mesh model_terrain_woodbar_c16_frag_027Shape model_terrain_scaffolding_mat -0.068210 0.989494 -0.127471 0.000000 0.820868 -0.016955 -0.570866 0.000000 -0.567030 -0.143575 -0.811087 0.000000 930.730108 -92.927222 69.458786 1.000000 1.000000 0.000000 0.000000 0.000000 0.000000 1.000000 0.000000 0.000000 0.000000 0.000000 1.000000 0.000000 0.000000 0.000000 0.000000 1.000000 
model_terrain_woodbar_c16_frag_026 model_terrain_woodbar_root mesh model_terrain_woodbar_c16_frag_026Shape model_terrain_scaffolding_mat -0.533304 -0.840221 -0.098055 0.000000 -0.026640 -0.099175 0.994713 0.000000 -0.845504 0.533097 0.030507 0.000000 872.789844 -2.492021 125.115781 1.000000 1.000000 0.000000 0.000000 0.000000 0.000000 1.000000 0.000000 0.000000 0.000000 0.000000 1.000000 0.000000 0.000000 0.000000 0.000000 1.000000 
model_terrain_woodbar_c16_frag_024 model_terrain_woodbar_root mesh model_terrain_woodbar_c16_frag_024Shape model_terrain_scaffolding_mat 0.530083 0.609193 -0.589827 0.000000 -0.559752 -0.271103 -0.783059 0.000000 -0.636938 0.745243 0.197290 0.000000 892.338004 -156.948977 132.393356 1.000000 1.000000 0.000000 0.000000 0.000000 0.000000 1.000000 0.000000 0.000000 0.000000 0.000000 1.000000 0.000000 0.000000 0.000000 0.000000 1.000000 
model_terrain_woodbar_c16_frag_023 model_terrain_woodbar_root mesh model_terrain_woodbar_c16_frag_023Shape model_terrain_scaffolding_mat -0.008995 0.993293 0.115271 0.000000 -0.089640 0.114010 -0.989427 0.000000 -0.995934 -0.019233 0.088013 0.000000 874.060156 -2.501317 124.521328 1.000000 1.000000 0.000000 0.000000 0.000000 0.000000 1.000000 0.000000 0.000000 0.000000 0.000000 1.000000 0.000000 0.000000 0.000000 0.000000 1.000000 
model_terrain_woodbar_c16_frag_020 model_terrain_woodbar_root mesh model_terrain_woodbar_c16_frag_020Shape model_terrain_scaffolding_mat 0.044074 -0.968443 -0.245308 0.000000 0.855006 0.163573 -0.492147 0.000000 0.516742 -0.188049 0.835233 0.000000 873.503359 -2.464724 124.242627 1.000000 1.000000 0.000000 0.000000 0.000000 0.000000 1.000000 0.000000 0.000000 0.000000 0.000000 1.000000 0.000000 0.000000 0.000000 0.000000 1.000000 
model_terrain_woodbar_c16_frag_017 model_terrain_woodbar_root mesh model_terrain_woodbar_c16_frag_017Shape model_terrain_scaffolding_mat -0.059630 0.996787 0.053480 0.000000 0.937011 0.074365 -0.341291 0.000000 -0.344172 0.029760 -0.938435 0.000000 1021.179952 -198.016072 32.544927 1.000000 1.000000 0.000000 0.000000 0.000000 0.000000 1.000000 0.000000 0.000000 0.000000 0.000000 1.000000 0.000000 0.000000 0.000000 0.000000 1.000000 
model_terrain_woodbar_c16_frag_016 model_terrain_woodbar_root mesh model_terrain_woodbar_c16_frag_016Shape model_terrain_scaffolding_mat 0.281882 -0.893252 0.350204 0.000000 -0.787257 -0.006697 0.616588 0.000000 -0.548423 -0.449506 -0.705107 0.000000 872.123438 -2.321853 122.422842 1.000000 1.000000 0.000000 0.000000 0.000000 0.000000 1.000000 0.000000 0.000000 0.000000 0.000000 1.000000 0.000000 0.000000 0.000000 0.000000 1.000000 
model_terrain_woodbar_c16_frag_015 model_terrain_woodbar_root mesh model_terrain_woodbar_c16_frag_015Shape model_terrain_scaffolding_mat 0.465707 -0.878636 0.105432 0.000000 0.454938 0.339901 0.823103 0.000000 -0.759044 -0.335360 0.558019 0.000000 1027.340630 -211.049074 41.545641 1.000000 1.000000 0.000000 0.000000 0.000000 0.000000 1.000000 0.000000 0.000000 0.000000 0.000000 1.000000 0.000000 0.000000 0.000000 0.000000 1.000000 
model_terrain_woodbar_c16_frag_013 model_terrain_woodbar_root mesh model_terrain_woodbar_c16_frag_013Shape model_terrain_scaffolding_mat -0.056914 0.904074 -0.423569 0.000000 -0.402923 -0.408971 -0.818777 0.000000 -0.913462 0.124066 0.387549 0.000000 939.103702 -106.885178 62.908693 1.000000 1.000000 0.000000 0.000000 0.000000 0.000000 1.000000 0.000000 0.000000 0.000000 0.000000 1.000000 0.000000 0.000000 0.000000 0.000000 1.000000 
