xEnvmap0 -0.998275 0.015623 -0.056601 0.000000 0.015598 0.999878 0.000884 0.000000 0.056608 0.000000 -0.998397 0.000000 -426.793701 1.965402 -74.724960 1.000000
xEnvmap1 -0.865661 0.000000 -0.500631 0.000000 0.000000 1.000000 0.000000 0.000000 0.500631 0.000000 -0.865661 0.000000 -769.313171 0.701061 -26.125700 1.000000
xEnvmap2 0.500000 0.000000 -0.866025 0.000000 0.000000 1.000000 0.000000 0.000000 0.866025 0.000000 0.500000 0.000000 -781.423828 0.984746 -48.044510 1.000000
xEnvmap3 0.500000 0.000000 -0.866025 0.000000 0.000000 1.000000 0.000000 0.000000 0.866025 0.000000 0.500000 0.000000 -765.942993 12.795700 -40.923660 1.000000
xEnvmap4 -0.858887 -0.009038 -0.512085 0.000000 -0.007763 0.999959 -0.004628 0.000000 0.512106 0.000000 -0.858922 0.000000 -756.213623 0.943556 -89.741577 1.000000
xEnvmap5 -0.977202 -0.000119 -0.212312 0.000000 -0.000116 1.000000 0.000000 0.000000 0.212312 0.000000 -0.977202 0.000000 -655.784973 3.687797 -179.691498 1.000000
xEnvmap6 -0.977202 -0.000119 -0.212312 0.000000 -0.000116 1.000000 0.000000 0.000000 0.212312 0.000000 -0.977202 0.000000 -285.270599 1.759424 178.890396 1.000000
xEnvmap7 -0.977202 -0.000119 -0.212312 0.000000 -0.000116 1.000000 0.000000 0.000000 0.212312 0.000000 -0.977202 0.000000 446.683289 1.759424 155.088196 1.000000
