xActor_robot _ _
robot_root_jnt xActor_robot _ -0.000000 0.999210 0.039754 0.000000 0.000000 0.039754 -0.999210 0.000000 -1.000000 0.000000 -0.000000 0.000000 -4.768130 14.435980 62.270210 1.000000 1.000000 0.000000 0.000000 0.000000 0.000000 1.000000 0.000000 0.000000 0.000000 0.000000 1.000000 0.000000 0.000000 0.000000 0.000000 1.000000
robot_hip_jnt robot_root_jnt _ -0.010425 0.009993 0.999896 0.000000 0.999946 -0.000000 0.010425 0.000000 0.000104 0.999950 -0.009993 0.000000 1.817868 0.000000 0.000000 1.000000 1.000000 0.000000 0.000000 0.000000 0.000000 1.000000 0.000000 0.000000 0.000000 0.000000 1.000000 0.000000 0.000000 0.000000 0.000000 1.000000
robot_upper_leg_L_jnt robot_hip_jnt _ 0.129097 -0.989881 0.058910 0.000000 0.276854 -0.021066 -0.960681 0.000000 0.952201 0.140331 0.271333 0.000000 2.935967 -1.673779 0.000000 1.000000 1.000000 0.000000 0.000000 0.000000 0.000000 1.000000 0.000000 0.000000 0.000000 0.000000 1.000000 0.000000 0.000000 0.000000 0.000000 1.000000
robot_lower_leg_L_jnt robot_upper_leg_L_jnt _ 0.920604 0.390497 0.000000 0.000000 -0.390497 0.920604 -0.000000 0.000000 -0.000000 0.000000 1.000000 0.000000 6.886079 0.000000 0.000000 1.000000 1.000000 0.000000 0.000000 0.000000 0.000000 1.000000 0.000000 0.000000 0.000000 0.000000 1.000000 0.000000 0.000000 0.000000 0.000000 1.000000
robot_foot_L_jnt robot_lower_leg_L_jnt _ -0.083297 -0.967101 0.240369 0.000000 0.971811 -0.132218 -0.195195 0.000000 0.220555 0.217334 0.950853 0.000000 7.419167 0.000000 0.000000 1.000000 1.000000 0.000000 0.000000 0.000000 0.000000 1.000000 0.000000 0.000000 0.000000 0.000000 1.000000 0.000000 0.000000 0.000000 0.000000 1.000000
robot_toe_L_jnt robot_foot_L_jnt _ 1.000000 0.000000 0.000000 0.000000 0.000000 1.000000 0.000000 0.000000 0.000000 0.000000 1.000000 0.000000 3.550589 0.000000 0.000000 1.000000 1.000000 0.000000 0.000000 0.000000 0.000000 1.000000 0.000000 0.000000 0.000000 0.000000 1.000000 0.000000 0.000000 0.000000 0.000000 1.000000
r__toe_L_Amor robot_foot_L_jnt mesh toe_L_AmorShape robot_Armor_mat_specular 0.000000 0.000000 1.000000 0.000000 -0.206024 -0.978547 0.000000 0.000000 0.978547 -0.206024 0.000000 0.000000 0.806282 0.577524 -2.935967 1.000000 1.000000 0.000000 0.000000 0.000000 0.000000 1.000000 0.000000 0.000000 0.000000 0.000000 1.000000 0.000000 0.000000 0.000000 0.000000 1.000000
r__toe_L_Body robot_foot_L_jnt mesh toe_L_BodyShape robot_Body_mat_specular 0.000000 0.000000 1.000000 0.000000 -0.206024 -0.978547 0.000000 0.000000 0.978547 -0.206024 0.000000 0.000000 0.806282 0.577524 -2.935967 1.000000 1.000000 0.000000 0.000000 0.000000 0.000000 1.000000 0.000000 0.000000 0.000000 0.000000 1.000000 0.000000 0.000000 0.000000 0.000000 1.000000
r__robot_pieces_Knee_Armor_Left robot_lower_leg_L_jnt mesh robot_pieces_Knee_Armor_LeftShape robot_Armor_mat_specular 0.000000 0.000000 1.000000 0.000000 -0.985778 0.168052 0.000000 0.000000 -0.168052 -0.985778 0.000000 0.000000 8.027421 -0.783360 -2.935967 1.000000 1.000000 0.000000 0.000000 0.000000 0.000000 1.000000 0.000000 0.000000 0.000000 0.000000 1.000000 0.000000 0.000000 0.000000 0.000000 1.000000
r__robot_pieces_Knee_Body_Left robot_lower_leg_L_jnt mesh robot_pieces_Knee_Body_LeftShape robot_Body_mat_specular 0.000000 0.000000 1.000000 0.000000 -0.985778 0.168052 0.000000 0.000000 -0.168052 -0.985778 0.000000 0.000000 8.027421 -0.783360 -2.935967 1.000000 1.000000 0.000000 0.000000 0.000000 0.000000 1.000000 0.000000 0.000000 0.000000 0.000000 1.000000 0.000000 0.000000 0.000000 0.000000 1.000000
r__robot_pieces_Leg_Armor_Left robot_upper_leg_L_jnt mesh robot_pieces_Leg_Armor_LeftShape robot_Armor_mat_specular 0.000000 0.000000 1.000000 0.000000 -0.996486 -0.083764 0.000000 0.000000 0.083764 -0.996486 0.000000 0.000000 14.854390 1.248650 -2.935967 1.000000 1.000000 0.000000 0.000000 0.000000 0.000000 1.000000 0.000000 0.000000 0.000000 0.000000 1.000000 0.000000 0.000000 0.000000 0.000000 1.000000
robot_leg_L_pointLight r__robot_pieces_Leg_Armor_Left light robot_leg_L_pointLightShape 0.992069 -0.124975 0.013443 0.000000 0.119605 0.971472 0.204786 0.000000 -0.038652 -0.201554 0.978715 0.000000 2.910452 14.010570 1.352184 1.000000 1.000000 0.000000 0.000000 0.000000 0.000000 1.000000 0.000000 0.000000 0.000000 0.000000 1.000000 0.000000 0.000000 0.000000 0.000000 1.000000
r__robot_pieces_Leg_Body_Left robot_upper_leg_L_jnt mesh robot_pieces_Leg_Body_LeftShape robot_Body_mat_specular 0.000000 0.000000 1.000000 0.000000 -0.996486 -0.083764 0.000000 0.000000 0.083764 -0.996486 0.000000 0.000000 14.854390 1.248650 -2.935967 1.000000 1.000000 0.000000 0.000000 0.000000 0.000000 1.000000 0.000000 0.000000 0.000000 0.000000 1.000000 0.000000 0.000000 0.000000 0.000000 1.000000
robot_locator2 r__robot_pieces_Leg_Body_Left _ 0.984859 0.133277 -0.110860 0.000000 0.133277 -0.173165 0.975833 0.000000 0.110860 -0.975833 -0.188306 0.000000 2.460419 15.486050 0.175574 1.000000 1.000000 0.000000 0.000000 0.000000 0.000000 1.000000 0.000000 0.000000 0.000000 0.000000 1.000000 0.000000 0.000000 0.000000 0.000000 1.000000
r__piston_lower_L_mesh robot_locator2 mesh piston_lower_L_meshShape robot_Body_mat_specular 0.837406 0.402155 0.370166 0.000000 0.402168 0.005291 -0.915551 0.000000 -0.370152 0.915556 -0.157303 0.000000 -8.223370 -1.232160 13.295120 1.000000 1.000000 0.000000 0.000000 0.000000 0.000000 1.000000 0.000000 0.000000 0.000000 0.000000 1.000000 0.000000 0.000000 0.000000 0.000000 1.000000
robot_upper_leg_R_jnt robot_hip_jnt _ 0.043580 0.981955 -0.184027 0.000000 -0.133478 0.188273 0.973004 0.000000 0.990093 -0.017839 0.139275 0.000000 -2.935970 -1.673759 0.000000 1.000000 1.000000 0.000000 0.000000 0.000000 0.000000 1.000000 0.000000 0.000000 0.000000 0.000000 1.000000 0.000000 0.000000 0.000000 0.000000 1.000000
robot_lower_leg_R_jnt robot_upper_leg_R_jnt _ 0.935934 0.352176 0.000000 0.000000 -0.352176 0.935934 -0.000000 0.000000 -0.000000 0.000000 1.000000 0.000000 -6.886099 -0.000002 0.000000 1.000000 1.000000 0.000000 0.000000 0.000000 0.000000 1.000000 0.000000 0.000000 0.000000 0.000000 1.000000 0.000000 0.000000 0.000000 0.000000 1.000000
robot_foot_R_jnt robot_lower_leg_R_jnt _ 0.039095 -0.987645 -0.151751 0.000000 0.999233 0.038999 0.003613 0.000000 0.002350 -0.151776 0.988412 0.000000 -7.419167 0.000000 0.000000 1.000000 1.000000 0.000000 0.000000 0.000000 0.000000 1.000000 0.000000 0.000000 0.000000 0.000000 1.000000 0.000000 0.000000 0.000000 0.000000 1.000000
robot_toe_R_jnt robot_foot_R_jnt _ 1.000000 0.000000 0.000000 0.000000 0.000000 1.000000 0.000000 0.000000 0.000000 0.000000 1.000000 0.000000 -3.550594 0.000000 0.000000 1.000000 1.000000 0.000000 0.000000 0.000000 0.000000 1.000000 0.000000 0.000000 0.000000 0.000000 1.000000 0.000000 0.000000 0.000000 0.000000 1.000000
r__toe_R_Armor robot_foot_R_jnt mesh toe_R_ArmorShape robot_Armor_mat_specular 0.000000 0.000000 1.000000 0.000000 0.206024 0.978547 0.000000 0.000000 -0.978547 0.206024 0.000000 0.000000 -0.806023 -0.577592 2.935970 1.000000 1.000000 0.000000 0.000000 0.000000 0.000000 1.000000 0.000000 0.000000 0.000000 0.000000 1.000000 0.000000 0.000000 0.000000 0.000000 1.000000
r__toe_R_Body robot_foot_R_jnt mesh toe_R_BodyShape robot_Body_mat_specular 0.000000 0.000000 1.000000 0.000000 0.206024 0.978547 0.000000 0.000000 -0.978547 0.206024 0.000000 0.000000 -0.806023 -0.577592 2.935970 1.000000 1.000000 0.000000 0.000000 0.000000 0.000000 1.000000 0.000000 0.000000 0.000000 0.000000 1.000000 0.000000 0.000000 0.000000 0.000000 1.000000
r__robot_pieces_Knee_Body_Right robot_lower_leg_R_jnt mesh robot_pieces_Knee_Body_RightShape robot_Body_mat_specular 0.000000 0.000000 1.000000 0.000000 0.985779 -0.168047 0.000000 0.000000 0.168047 0.985779 0.000000 0.000000 -8.027482 0.783095 2.935970 1.000000 1.000000 0.000000 0.000000 0.000000 0.000000 1.000000 0.000000 0.000000 0.000000 0.000000 1.000000 0.000000 0.000000 0.000000 0.000000 1.000000
r__robot_pieces_Knee_Armor_Right robot_lower_leg_R_jnt mesh robot_pieces_Knee_Armor_RightShape robot_Armor_mat_specular 0.000000 0.000000 1.000000 0.000000 0.985779 -0.168047 0.000000 0.000000 0.168047 0.985779 0.000000 0.000000 -8.027482 0.783095 2.935970 1.000000 1.000000 0.000000 0.000000 0.000000 0.000000 1.000000 0.000000 0.000000 0.000000 0.000000 1.000000 0.000000 0.000000 0.000000 0.000000 1.000000
r__robot_pieces_Leg_Armor_Right robot_upper_leg_R_jnt mesh robot_pieces_Leg_Armor_RightShape robot_Armor_mat_specular 0.000000 0.000000 1.000000 0.000000 0.996483 0.083797 0.000000 0.000000 -0.083797 0.996483 0.000000 0.000000 -14.854370 -1.249146 2.935970 1.000000 1.000000 0.000000 0.000000 0.000000 0.000000 1.000000 0.000000 0.000000 0.000000 0.000000 1.000000 0.000000 0.000000 0.000000 0.000000 1.000000
robot_leg_R_pointLight r__robot_pieces_Leg_Armor_Right light robot_leg_R_pointLightShape 0.982339 0.024797 0.185459 0.000000 -0.082829 0.946403 0.312187 0.000000 -0.167777 -0.322035 0.931743 0.000000 -2.928207 14.092140 0.725212 1.000000 1.000000 0.000000 0.000000 0.000000 0.000000 1.000000 0.000000 0.000000 0.000000 0.000000 1.000000 0.000000 0.000000 0.000000 0.000000 1.000000
r__robot_pieces_Leg_Body_Right robot_upper_leg_R_jnt mesh robot_pieces_Leg_Body_RightShape robot_Body_mat_specular 0.000000 0.000000 1.000000 0.000000 0.996483 0.083797 0.000000 0.000000 -0.083797 0.996483 0.000000 0.000000 -14.854370 -1.249146 2.935970 1.000000 1.000000 0.000000 0.000000 0.000000 0.000000 1.000000 0.000000 0.000000 0.000000 0.000000 1.000000 0.000000 0.000000 0.000000 0.000000 1.000000
robot_locator4 r__robot_pieces_Leg_Body_Right _ 0.838768 -0.405333 0.363556 0.000000 -0.405333 -0.018998 0.913972 0.000000 -0.363556 -0.913972 -0.180230 0.000000 -2.448865 15.480500 0.175555 1.000000 1.000000 0.000000 0.000000 0.000000 0.000000 1.000000 0.000000 0.000000 0.000000 0.000000 1.000000 0.000000 0.000000 0.000000 0.000000 1.000000
r__piston_lower_R_mesh robot_locator4 mesh piston_lower_R_meshShape robot_Body_mat_specular 0.861163 -0.365250 -0.353539 0.000000 -0.365250 0.039103 -0.930088 0.000000 0.353539 0.930088 -0.099734 0.000000 7.701067 -1.663058 13.549970 1.000000 1.000000 0.000000 0.000000 0.000000 0.000000 1.000000 0.000000 0.000000 0.000000 0.000000 1.000000 0.000000 0.000000 0.000000 0.000000 1.000000
r__robot_pieces_Hip_Under_Body robot_hip_jnt mesh robot_pieces_Hip_Under_BodyShape robot_Body_mat_specular 1.000000 0.000000 0.000000 0.000000 0.000000 1.000000 0.000000 0.000000 0.000000 0.000000 1.000000 0.000000 0.000000 -16.580561 0.000000 1.000000 1.000000 0.000000 0.000000 0.000000 0.000000 1.000000 0.000000 0.000000 0.000000 0.000000 1.000000 0.000000 0.000000 0.000000 0.000000 1.000000
r__robot_pieces_Hip_Armor robot_hip_jnt mesh robot_pieces_Hip_ArmorShape robot_Armor_mat_specular 1.000000 0.000000 0.000000 0.000000 0.000000 1.000000 0.000000 0.000000 0.000000 0.000000 1.000000 0.000000 0.000000 -16.580561 0.000000 1.000000 1.000000 0.000000 0.000000 0.000000 0.000000 1.000000 0.000000 0.000000 0.000000 0.000000 1.000000 0.000000 0.000000 0.000000 0.000000 1.000000
r__armor_stomach_low robot_hip_jnt mesh armor_stomach_lowShape robot_Armor_mat_specular 0.999926 -0.012162 0.000000 0.000000 0.012162 0.999926 0.000116 0.000000 0.000000 -0.000116 1.000000 0.000000 -0.218073 -16.579041 -0.001913 1.000000 1.000000 0.000000 0.000000 0.000000 0.000000 1.000000 0.000000 0.000000 0.000000 0.000000 1.000000 0.000000 0.000000 0.000000 0.000000 1.000000
robot_spine_base_jnt robot_root_jnt _ 1.000000 0.000000 0.000000 0.000000 0.000000 1.000000 0.000000 0.000000 0.000000 0.000000 1.000000 0.000000 1.817868 0.000000 0.000000 1.000000 1.000000 0.000000 0.000000 0.000000 0.000000 1.000000 0.000000 0.000000 0.000000 0.000000 1.000000 0.000000 0.000000 0.000000 0.000000 1.000000
robot_chest_jnt robot_spine_base_jnt _ 0.989836 0.142215 0.000000 0.000000 -0.142215 0.989836 0.000000 0.000000 0.000000 0.000000 1.000000 0.000000 6.419441 0.000000 0.000000 1.000000 1.000000 0.000000 0.000000 0.000000 0.000000 1.000000 0.000000 0.000000 0.000000 0.000000 1.000000 0.000000 0.000000 0.000000 0.000000 1.000000
robot_neck_base_jnt robot_chest_jnt _ 0.505220 0.862991 0.000000 0.000000 -0.862991 0.505220 -0.000000 0.000000 -0.000000 0.000000 1.000000 0.000000 1.186575 0.000000 0.000000 1.000000 1.000000 0.000000 0.000000 0.000000 0.000000 1.000000 0.000000 0.000000 0.000000 0.000000 1.000000 0.000000 0.000000 0.000000 0.000000 1.000000
robot_head_top_jnt robot_neck_base_jnt _ 1.000000 0.000000 0.000000 0.000000 0.000000 1.000000 0.000000 0.000000 0.000000 0.000000 1.000000 0.000000 3.109800 0.000000 0.000000 1.000000 1.000000 0.000000 0.000000 0.000000 0.000000 1.000000 0.000000 0.000000 0.000000 0.000000 1.000000 0.000000 0.000000 0.000000 0.000000 1.000000
r__robot_pieces_Head_Body robot_neck_base_jnt mesh robot_pieces_Head_BodyShape robot_Body_mat_specular 0.000000 0.000000 1.000000 0.000000 0.968415 -0.249343 0.000000 0.000000 0.249343 0.968415 0.000000 0.000000 -23.453011 5.864449 0.006422 1.000000 1.000000 0.000000 0.000000 0.000000 0.000000 1.000000 0.000000 0.000000 0.000000 0.000000 1.000000 0.000000 0.000000 0.000000 0.000000 1.000000
eyeLight_L r__robot_pieces_Head_Body light eyeLight_LShape 0.996995 0.000670 -0.077465 0.000000 -0.036154 0.888406 -0.457633 0.000000 0.068514 0.459059 0.885760 0.000000 0.509119 25.431499 2.126530 1.000000 1.000000 0.000000 0.000000 0.000000 0.000000 1.000000 0.000000 0.000000 0.000000 0.000000 1.000000 0.000000 0.000000 0.000000 0.000000 1.000000
eyeLight_R r__robot_pieces_Head_Body light eyeLight_RShape 0.996995 0.000670 -0.077465 0.000000 -0.036154 0.888406 -0.457633 0.000000 0.068514 0.459059 0.885760 0.000000 -0.494780 25.496780 2.169091 1.000000 1.000000 0.000000 0.000000 0.000000 0.000000 1.000000 0.000000 0.000000 0.000000 0.000000 1.000000 0.000000 0.000000 0.000000 0.000000 1.000000
r__robot_pieces_Head_Armor robot_neck_base_jnt mesh robot_pieces_Head_ArmorShape robot_Armor_mat_specular 0.000000 0.000000 1.000000 0.000000 0.968415 -0.249343 0.000000 0.000000 0.249343 0.968415 0.000000 0.000000 -23.453011 5.864449 0.006422 1.000000 1.000000 0.000000 0.000000 0.000000 0.000000 1.000000 0.000000 0.000000 0.000000 0.000000 1.000000 0.000000 0.000000 0.000000 0.000000 1.000000
robot_upper_arm_L_jnt robot_chest_jnt _ -0.932079 0.086565 0.351761 0.000000 -0.136567 -0.983351 -0.119876 0.000000 0.335527 -0.159773 0.928383 0.000000 -0.637542 0.339736 4.187232 1.000000 1.000000 0.000000 0.000000 0.000000 0.000000 1.000000 0.000000 0.000000 0.000000 0.000000 1.000000 0.000000 0.000000 0.000000 0.000000 1.000000
robot_lower_arm_L_jnt robot_upper_arm_L_jnt _ 0.796943 -0.604050 0.002362 0.000000 0.604050 0.796946 0.001124 0.000000 -0.002561 0.000531 0.999997 0.000000 3.847439 2.315501 0.080878 1.000000 1.000000 0.000000 0.000000 0.000000 0.000000 1.000000 0.000000 0.000000 0.000000 0.000000 1.000000 0.000000 0.000000 0.000000 0.000000 1.000000
robot_wrist_L_jnt robot_lower_arm_L_jnt _ 0.929179 0.203488 -0.308576 0.000000 0.265230 -0.948507 0.173172 0.000000 -0.257448 -0.242751 -0.935303 0.000000 4.672187 0.283946 -0.519356 1.000000 1.000000 0.000000 0.000000 0.000000 0.000000 1.000000 0.000000 0.000000 0.000000 0.000000 1.000000 0.000000 0.000000 0.000000 0.000000 1.000000
robot_palm_L_jnt robot_wrist_L_jnt _ 1.000000 0.000000 0.000000 0.000000 0.000000 1.000000 0.000000 0.000000 0.000000 0.000000 1.000000 0.000000 0.710176 -0.135484 0.112340 1.000000 1.000000 0.000000 0.000000 0.000000 0.000000 1.000000 0.000000 0.000000 0.000000 0.000000 1.000000 0.000000 0.000000 0.000000 0.000000 1.000000
robot_middle_L_1_jnt robot_palm_L_jnt _ 0.967280 -0.006237 0.253635 0.000000 -0.030769 0.989435 0.141674 0.000000 -0.251839 -0.144842 0.956869 0.000000 0.670402 0.022927 0.073211 1.000000 1.000000 0.000000 0.000000 0.000000 0.000000 1.000000 0.000000 0.000000 0.000000 0.000000 1.000000 0.000000 0.000000 0.000000 0.000000 1.000000
robot_middle_L_2_jnt robot_middle_L_1_jnt _ 0.982570 0.010996 0.185566 0.000000 -0.011191 0.999937 0.000000 0.000000 -0.185554 -0.002077 0.982632 0.000000 0.497653 0.016433 -0.029492 1.000000 1.000000 0.000000 0.000000 0.000000 0.000000 1.000000 0.000000 0.000000 0.000000 0.000000 1.000000 0.000000 0.000000 0.000000 0.000000 1.000000
robot_middle_L_end_jnt robot_middle_L_2_jnt _ 0.982632 0.000000 0.185566 0.000000 0.000000 1.000000 0.000000 0.000000 -0.185566 0.000000 0.982632 0.000000 0.487053 -0.012733 -0.013208 1.000000 1.000000 0.000000 0.000000 0.000000 0.000000 1.000000 0.000000 0.000000 0.000000 0.000000 1.000000 0.000000 0.000000 0.000000 0.000000 1.000000
robot_pointer_L_1_jnt robot_palm_L_jnt _ 0.962557 0.063740 0.263479 0.000000 -0.102517 0.985371 0.136144 0.000000 -0.250947 -0.158057 0.955010 0.000000 0.618256 0.512177 0.084131 1.000000 1.000000 0.000000 0.000000 0.000000 0.000000 1.000000 0.000000 0.000000 0.000000 0.000000 1.000000 0.000000 0.000000 0.000000 0.000000 1.000000
robot_pointer_L_2_jnt robot_pointer_L_1_jnt _ 0.982632 0.000000 0.185566 0.000000 0.000000 1.000000 0.000000 0.000000 -0.185566 0.000000 0.982632 0.000000 0.442397 0.004305 -0.007084 1.000000 1.000000 0.000000 0.000000 0.000000 0.000000 1.000000 0.000000 0.000000 0.000000 0.000000 1.000000 0.000000 0.000000 0.000000 0.000000 1.000000
robot_pointer_L_end_jnt robot_pointer_L_2_jnt _ 0.982632 0.000000 0.185566 0.000000 0.000000 1.000000 0.000000 0.000000 -0.185566 0.000000 0.982632 0.000000 0.424328 -0.007011 -0.024752 1.000000 1.000000 0.000000 0.000000 0.000000 0.000000 1.000000 0.000000 0.000000 0.000000 0.000000 1.000000 0.000000 0.000000 0.000000 0.000000 1.000000
robot_pinky_L_1_jnt robot_palm_L_jnt _ 0.966335 -0.088377 0.241633 0.000000 0.053516 0.987655 0.147217 0.000000 -0.251660 -0.129330 0.959135 0.000000 0.680202 -0.479166 0.076630 1.000000 1.000000 0.000000 0.000000 0.000000 0.000000 1.000000 0.000000 0.000000 0.000000 0.000000 1.000000 0.000000 0.000000 0.000000 0.000000 1.000000
robot_pinky_L_2_jnt robot_pinky_L_1_jnt _ 0.977270 0.102514 0.185566 0.000000 -0.104326 0.994543 0.000000 0.000000 -0.184553 -0.019359 0.982632 0.000000 0.382060 0.010018 -0.007757 1.000000 1.000000 0.000000 0.000000 0.000000 0.000000 1.000000 0.000000 0.000000 0.000000 0.000000 1.000000 0.000000 0.000000 0.000000 0.000000 1.000000
robot_pinky_L_end robot_pinky_L_2_jnt _ 0.982632 0.000000 0.185566 0.000000 0.000000 1.000000 0.000000 0.000000 -0.185566 0.000000 0.982632 0.000000 0.407859 0.000000 -0.029259 1.000000 1.000000 0.000000 0.000000 0.000000 0.000000 1.000000 0.000000 0.000000 0.000000 0.000000 1.000000 0.000000 0.000000 0.000000 0.000000 1.000000
robot_thumb_L_1_jnt robot_wrist_L_jnt _ 0.890392 0.343122 0.299113 0.000000 -0.388461 0.915303 0.106388 0.000000 -0.237275 -0.210921 0.948268 0.000000 0.621844 0.718202 0.308921 1.000000 1.000000 0.000000 0.000000 0.000000 0.000000 1.000000 0.000000 0.000000 0.000000 0.000000 1.000000 0.000000 0.000000 0.000000 0.000000 1.000000
robot_thumb_L_2_jnt robot_thumb_L_1_jnt _ 0.978015 -0.095139 0.185566 0.000000 0.096820 0.995302 0.000000 0.000000 -0.184694 0.017967 0.982632 0.000000 0.403949 0.033680 -0.039548 1.000000 1.000000 0.000000 0.000000 0.000000 0.000000 1.000000 0.000000 0.000000 0.000000 0.000000 1.000000 0.000000 0.000000 0.000000 0.000000 1.000000
robot_thumb_L_end robot_thumb_L_2_jnt _ 0.982632 0.000000 0.185566 0.000000 0.000000 1.000000 0.000000 0.000000 -0.185566 0.000000 0.982632 0.000000 0.361799 0.000000 -0.019892 1.000000 1.000000 0.000000 0.000000 0.000000 0.000000 1.000000 0.000000 0.000000 0.000000 0.000000 1.000000 0.000000 0.000000 0.000000 0.000000 1.000000
robot_r_Hand_Body_Left robot_wrist_L_jnt mesh robot_r_Hand_Body_LeftShape robot_Body_mat_specular 0.067630 0.142825 -0.987435 0.000000 -0.902237 0.431241 0.000581 0.000000 0.425905 0.890860 0.158027 0.000000 11.284780 -8.112857 5.701146 1.000000 1.000000 0.000000 0.000000 0.000000 0.000000 1.000000 0.000000 0.000000 0.000000 0.000000 1.000000 0.000000 0.000000 0.000000 0.000000 1.000000
r__robot_pieces_Hand_Armor_Left robot_wrist_L_jnt mesh robot_pieces_Hand_Armor_LeftShape robot_Armor_mat_specular 0.067630 0.142825 -0.987435 0.000000 -0.902237 0.431241 0.000581 0.000000 0.425905 0.890860 0.158027 0.000000 11.284780 -8.112857 5.701146 1.000000 1.000000 0.000000 0.000000 0.000000 0.000000 1.000000 0.000000 0.000000 0.000000 0.000000 1.000000 0.000000 0.000000 0.000000 0.000000 1.000000
r__robot_pieces_Elbow_Armor_Left robot_lower_arm_L_jnt mesh robot_pieces_Elbow_Armor_LeftShape robot_Armor_mat_specular 0.233279 0.114732 0.965618 0.000000 -0.880093 -0.397395 0.259835 0.000000 0.413543 -0.910447 0.008271 0.000000 14.674850 6.411886 -9.903529 1.000000 1.000000 0.000000 0.000000 0.000000 0.000000 1.000000 0.000000 0.000000 0.000000 0.000000 1.000000 0.000000 0.000000 0.000000 0.000000 1.000000
r__robot_pieces_Elbow_Body_Left robot_lower_arm_L_jnt mesh robot_pieces_Elbow_Body_LeftShape robot_Body_mat_specular 0.233279 0.114732 0.965618 0.000000 -0.880093 -0.397395 0.259835 0.000000 0.413543 -0.910447 0.008271 0.000000 14.674850 6.411886 -9.903529 1.000000 1.000000 0.000000 0.000000 0.000000 0.000000 1.000000 0.000000 0.000000 0.000000 0.000000 1.000000 0.000000 0.000000 0.000000 0.000000 1.000000
robot_Elbow_B_Left robot_lower_arm_L_jnt mesh robot_Elbow_B_LeftShape robot_Body_mat_specular 0.233279 0.114732 0.965618 0.000000 -0.880093 -0.397395 0.259835 0.000000 0.413543 -0.910447 0.008271 0.000000 14.674850 6.411886 -9.903529 1.000000 1.000000 0.000000 0.000000 0.000000 0.000000 1.000000 0.000000 0.000000 0.000000 0.000000 1.000000 0.000000 0.000000 0.000000 0.000000 1.000000
r__robot_pieces_Shoulder_Armor_Left robot_upper_arm_L_jnt mesh robot_pieces_Shoulder_Armor_LeftShape robot_Armor_mat_specular 0.231943 0.111704 0.966294 0.000000 -0.884009 -0.390282 0.257309 0.000000 0.405870 -0.913894 0.008224 0.000000 18.599010 8.614943 -9.780753 1.000000 1.000000 0.000000 0.000000 0.000000 0.000000 1.000000 0.000000 0.000000 0.000000 0.000000 1.000000 0.000000 0.000000 0.000000 0.000000 1.000000
r__robot_pieces_Shoulder_Body_Left robot_upper_arm_L_jnt mesh robot_pieces_Shoulder_Body_LeftShape robot_Body_mat_specular 0.231943 0.111704 0.966294 0.000000 -0.884009 -0.390282 0.257309 0.000000 0.405870 -0.913894 0.008224 0.000000 18.599010 8.614943 -9.780753 1.000000 1.000000 0.000000 0.000000 0.000000 0.000000 1.000000 0.000000 0.000000 0.000000 0.000000 1.000000 0.000000 0.000000 0.000000 0.000000 1.000000
robot_upper_arm_R_jnt robot_chest_jnt _ -0.016358 -0.924695 0.380357 0.000000 0.991853 0.033057 0.123024 0.000000 -0.126334 0.379271 0.916621 0.000000 -0.588999 0.332761 -4.187230 1.000000 1.000000 0.000000 0.000000 0.000000 0.000000 1.000000 0.000000 0.000000 0.000000 0.000000 1.000000 0.000000 0.000000 0.000000 0.000000 1.000000
robot_lower_arm_R_jnt robot_upper_arm_R_jnt _ 0.361783 -0.932262 0.000000 0.000000 0.932262 0.361783 0.000000 0.000000 0.000000 0.000000 1.000000 0.000000 -3.751049 -2.475227 -0.049482 1.000000 1.000000 0.000000 0.000000 0.000000 0.000000 1.000000 0.000000 0.000000 0.000000 0.000000 1.000000 0.000000 0.000000 0.000000 0.000000 1.000000
robot_wrist_R_jnt robot_lower_arm_R_jnt _ 0.114189 0.137101 0.983953 0.000000 -0.004023 0.990487 -0.137544 0.000000 -0.993451 0.011748 0.113655 0.000000 -12.980760 0.241025 1.382937 1.000000 1.000000 0.000000 0.000000 0.000000 0.000000 1.000000 0.000000 0.000000 0.000000 0.000000 1.000000 0.000000 0.000000 0.000000 0.000000 1.000000
robot_wrist_R_jnt_muzzle_flash robot_wrist_R_jnt _ -0.001297 -0.041292 -0.999146 0.000000 0.517745 -0.854833 0.034656 0.000000 -0.855534 -0.517258 0.022487 0.000000 -0.402794 0.112302 1.644978 1.000000 1.000000 0.000000 0.000000 0.000000 0.000000 1.000000 0.000000 0.000000 0.000000 0.000000 1.000000 0.000000 0.000000 0.000000 0.000000 1.000000
robot_wrist_R_jnt_muzzle_flash_pPlane1 robot_wrist_R_jnt_muzzle_flash mesh pPlaneShape1 muzzle_flash_mat1 1.000000 0.000000 0.000000 0.000000 0.000000 1.000000 0.000000 0.000000 0.000000 0.000000 1.000000 0.000000 -1.818179 0.000000 0.041388 1.000000 1.000000 0.000000 0.000000 0.000000 0.000000 1.000000 0.000000 0.000000 0.000000 0.000000 1.000000 0.000000 0.000000 0.000000 0.000000 1.000000
robot_wrist_R_jnt_muzzle_flash_pPlane2 robot_wrist_R_jnt_muzzle_flash mesh pPlaneShape2 muzzle_flash_mat1 0.999600 -0.016962 -0.022650 0.000000 0.023059 0.024319 0.999438 0.000000 -0.016402 -0.999560 0.024700 0.000000 -1.815278 0.176815 0.037019 1.000000 1.000000 0.000000 0.000000 0.000000 0.000000 1.000000 0.000000 0.000000 0.000000 0.000000 1.000000 0.000000 0.000000 0.000000 0.000000 1.000000
robot_wrist_R_jnt_muzzle_flash_pPlane3 robot_wrist_R_jnt_muzzle_flash mesh pPlaneShape3 muzzle_flash_mat1 0.013198 0.013919 0.572036 0.000000 -0.999600 0.016962 0.022650 0.000000 -0.016402 -0.999560 0.024700 0.000000 -0.025027 0.000000 0.041388 1.000000 1.000000 0.000000 0.000000 0.000000 0.000000 1.000000 0.000000 0.000000 0.000000 0.000000 1.000000 0.000000 0.000000 0.000000 0.000000 1.000000
robot_wrist_R_jnt_muzzle_flash_muzzle_light robot_wrist_R_jnt_muzzle_flash light robot_wrist_R_jnt_muzzle_flash_muzzle_light_muzzle_lightShape 0.558608 0.000000 0.000000 0.000000 0.000000 0.558608 0.000000 0.000000 0.000000 0.000000 0.558608 0.000000 -0.317668 -0.048897 0.000000 1.000000 1.000000 0.000000 0.000000 0.000000 0.000000 1.000000 0.000000 0.000000 0.000000 0.000000 1.000000 0.000000 0.000000 0.000000 0.000000 1.000000
pPlane5 robot_wrist_R_jnt_muzzle_flash mesh pPlaneShape5 muzzle_flash_mat1 0.999600 -0.016962 -0.022650 0.000000 0.023059 0.024319 0.999438 0.000000 -0.016402 -0.999560 0.024700 0.000000 -1.815278 0.176815 0.037019 1.000000 1.000000 0.000000 0.000000 0.000000 0.000000 1.000000 0.000000 0.000000 0.000000 0.000000 1.000000 0.000000 0.000000 0.000000 0.000000 1.000000
pPlane6 robot_wrist_R_jnt_muzzle_flash mesh pPlaneShape6 muzzle_flash_mat1 1.000000 0.000000 0.000000 0.000000 0.000000 1.000000 0.000000 0.000000 0.000000 0.000000 1.000000 0.000000 -1.818179 0.000000 0.041388 1.000000 1.000000 0.000000 0.000000 0.000000 0.000000 1.000000 0.000000 0.000000 0.000000 0.000000 1.000000 0.000000 0.000000 0.000000 0.000000 1.000000
robot_gun_new_Root robot_lower_arm_R_jnt _ 0.992216 -0.000000 -0.124525 0.000000 0.000000 1.000000 -0.000000 0.000000 0.124525 0.000000 0.992216 0.000000 -4.448759 -0.094863 0.311326 1.000000 1.000000 0.000000 0.000000 0.000000 0.000000 1.000000 0.000000 0.000000 0.000000 0.000000 1.000000 0.000000 0.000000 0.000000 0.000000 1.000000
r__robot_pieces_Minigun_Armor robot_gun_new_Root mesh robot_pieces_Minigun_ArmorShape robot_Armor_mat_specular 0.082652 -0.995605 -0.044047 0.000000 0.901661 0.055881 0.428818 0.000000 -0.424472 -0.075158 0.902316 0.000000 -11.385420 -6.616321 -7.702818 1.000000 1.000000 0.000000 0.000000 0.000000 0.000000 1.000000 0.000000 0.000000 0.000000 0.000000 1.000000 0.000000 0.000000 0.000000 0.000000 1.000000
r__robot_pieces_Minigun_Body robot_gun_new_Root mesh robot_pieces_Minigun_BodyShape robot_Body_mat_specular 0.082652 -0.995605 -0.044047 0.000000 0.901661 0.055881 0.428818 0.000000 -0.424472 -0.075158 0.902316 0.000000 -11.385420 -6.616321 -7.702818 1.000000 1.000000 0.000000 0.000000 0.000000 0.000000 1.000000 0.000000 0.000000 0.000000 0.000000 1.000000 0.000000 0.000000 0.000000 0.000000 1.000000
r__robot_pieces_Elbow_Armor_Right robot_lower_arm_R_jnt mesh robot_pieces_Elbow_Armor_RightShape robot_Armor_mat_specular 0.210137 0.127808 0.969282 0.000000 0.893698 0.376879 -0.243445 0.000000 -0.396416 0.917402 -0.035026 0.000000 -15.005590 -6.069521 9.563013 1.000000 1.000000 0.000000 0.000000 0.000000 0.000000 1.000000 0.000000 0.000000 0.000000 0.000000 1.000000 0.000000 0.000000 0.000000 0.000000 1.000000
r__robot_pieces_Elbow_Body_Right robot_lower_arm_R_jnt mesh robot_pieces_Elbow_Body_RightShape robot_Body_mat_specular 0.210137 0.127808 0.969282 0.000000 0.893698 0.376879 -0.243445 0.000000 -0.396416 0.917402 -0.035026 0.000000 -15.005590 -6.069521 9.563013 1.000000 1.000000 0.000000 0.000000 0.000000 0.000000 1.000000 0.000000 0.000000 0.000000 0.000000 1.000000 0.000000 0.000000 0.000000 0.000000 1.000000
r__robot_pieces_Shoulder_Armor_Right robot_upper_arm_R_jnt mesh robot_pieces_Shoulder_Armor_RightShape robot_Armor_mat_specular 0.189344 0.156975 0.969282 0.000000 0.829478 0.502693 -0.243445 0.000000 -0.525466 0.850093 -0.035026 0.000000 -17.726280 -10.665740 9.538768 1.000000 1.000000 0.000000 0.000000 0.000000 0.000000 1.000000 0.000000 0.000000 0.000000 0.000000 1.000000 0.000000 0.000000 0.000000 0.000000 1.000000
r__robot_pieces_Shoulder_Body_Right robot_upper_arm_R_jnt mesh robot_pieces_Shoulder_Body_RightShape robot_Body_mat_specular 0.189344 0.156975 0.969282 0.000000 0.829478 0.502693 -0.243445 0.000000 -0.525466 0.850093 -0.035026 0.000000 -17.726280 -10.665740 9.538768 1.000000 1.000000 0.000000 0.000000 0.000000 0.000000 1.000000 0.000000 0.000000 0.000000 0.000000 1.000000 0.000000 0.000000 0.000000 0.000000 1.000000
robot_pieces_Upper_Body_Body robot_chest_jnt mesh robot_pieces_Upper_Body_BodyShape robot_Body_mat_specular -0.005413 -0.037673 0.999276 0.000000 0.989836 -0.142215 0.000000 0.000000 0.142112 0.989119 0.038059 0.000000 -22.766220 3.270937 0.000000 1.000000 1.000000 0.000000 0.000000 0.000000 0.000000 1.000000 0.000000 0.000000 0.000000 0.000000 1.000000 0.000000 0.000000 0.000000 0.000000 1.000000
robot_locator1 robot_pieces_Upper_Body_Body _ 0.921346 0.245041 0.301790 0.000000 0.245041 0.236597 -0.940200 0.000000 -0.301790 0.940200 0.157943 0.000000 1.662933 17.458521 0.514468 1.000000 1.000000 0.000000 0.000000 0.000000 0.000000 1.000000 0.000000 0.000000 0.000000 0.000000 1.000000 0.000000 0.000000 0.000000 0.000000 1.000000
robot_locator3 robot_pieces_Upper_Body_Body _ 0.882873 -0.292421 -0.367459 0.000000 -0.292421 0.269940 -0.917400 0.000000 0.367459 0.917400 0.152813 0.000000 -1.696995 17.458521 0.387659 1.000000 1.000000 0.000000 0.000000 0.000000 0.000000 1.000000 0.000000 0.000000 0.000000 0.000000 1.000000 0.000000 0.000000 0.000000 0.000000 1.000000
robot_armor_stomach_low2_loc robot_pieces_Upper_Body_Body _ 0.999276 0.000000 0.038059 0.000000 0.000000 1.000000 0.000000 0.000000 -0.038059 0.000000 0.999276 0.000000 -0.070592 16.993570 2.117444 1.000000 1.000000 0.000000 0.000000 0.000000 0.000000 1.000000 0.000000 0.000000 0.000000 0.000000 1.000000 0.000000 0.000000 0.000000 0.000000 1.000000
robot_armpit2_L_loc robot_spine_base_jnt _ 0.000000 0.000000 1.000000 0.000000 1.000000 0.000000 0.000000 0.000000 0.000000 1.000000 0.000000 0.000000 5.687071 -2.608693 3.476866 1.000000 1.000000 0.000000 0.000000 0.000000 0.000000 1.000000 0.000000 0.000000 0.000000 0.000000 1.000000 0.000000 0.000000 0.000000 0.000000 1.000000
robot_armpit2_R_loc robot_spine_base_jnt _ 0.000000 0.000000 1.000000 0.000000 1.000000 0.000000 0.000000 0.000000 0.000000 1.000000 0.000000 0.000000 5.657547 -2.395721 -3.437925 1.000000 1.000000 0.000000 0.000000 0.000000 0.000000 1.000000 0.000000 0.000000 0.000000 0.000000 1.000000 0.000000 0.000000 0.000000 0.000000 1.000000
chest_Armor robot_spine_base_jnt mesh chest_ArmorShape robot_Armor_mat_specular 0.000000 -0.038059 0.999276 0.000000 1.000000 0.000000 0.000000 0.000000 0.000000 0.999276 0.038059 0.000000 -16.580561 0.000000 0.000000 1.000000 1.000000 0.000000 0.000000 0.000000 0.000000 1.000000 0.000000 0.000000 0.000000 0.000000 1.000000 0.000000 0.000000 0.000000 0.000000 1.000000
robot_chest_pointLight4 chest_Armor light robot_chest_pointLightShape4 0.933925 0.001035 0.357468 0.000000 -0.001336 0.999999 0.000596 0.000000 -0.357466 -0.001034 0.933925 0.000000 -0.175067 21.177561 0.688100 1.000000 1.000000 0.000000 0.000000 0.000000 0.000000 1.000000 0.000000 0.000000 0.000000 0.000000 1.000000 0.000000 0.000000 0.000000 0.000000 1.000000
BB_81 robot_root_jnt _ 0.000000 0.000000 -1.000000 0.000000 0.999210 0.039754 0.000000 0.000000 0.039754 -0.999210 0.000000 0.000000 -16.545380 -20.782240 16.515841 1.000000 1.000000 0.000000 0.000000 0.000000 0.000000 1.000000 0.000000 0.000000 0.000000 0.000000 1.000000 0.000000 0.000000 0.000000 0.000000 1.000000
BB_82 robot_root_jnt _ 0.000000 0.000000 -1.000000 0.000000 0.999210 0.039754 0.000000 0.000000 0.039754 -0.999210 0.000000 0.000000 -16.545380 -20.782240 -21.921049 1.000000 1.000000 0.000000 0.000000 0.000000 0.000000 1.000000 0.000000 0.000000 0.000000 0.000000 1.000000 0.000000 0.000000 0.000000 0.000000 1.000000
BB_83 robot_root_jnt _ 0.000000 0.000000 -1.000000 0.000000 0.999210 0.039754 0.000000 0.000000 0.039754 -0.999210 0.000000 0.000000 14.797030 -19.535259 -21.921049 1.000000 1.000000 0.000000 0.000000 0.000000 0.000000 1.000000 0.000000 0.000000 0.000000 0.000000 1.000000 0.000000 0.000000 0.000000 0.000000 1.000000
BB_84 robot_root_jnt _ 0.000000 0.000000 -1.000000 0.000000 0.999210 0.039754 0.000000 0.000000 0.039754 -0.999210 0.000000 0.000000 14.797030 -19.535259 16.515841 1.000000 1.000000 0.000000 0.000000 0.000000 0.000000 1.000000 0.000000 0.000000 0.000000 0.000000 1.000000 0.000000 0.000000 0.000000 0.000000 1.000000
BB_85 robot_root_jnt _ 0.000000 0.000000 -1.000000 0.000000 0.999210 0.039754 0.000000 0.000000 0.039754 -0.999210 0.000000 0.000000 12.687550 33.486099 -21.921049 1.000000 1.000000 0.000000 0.000000 0.000000 0.000000 1.000000 0.000000 0.000000 0.000000 0.000000 1.000000 0.000000 0.000000 0.000000 0.000000 1.000000
BB_86 robot_root_jnt _ 0.000000 0.000000 -1.000000 0.000000 0.999210 0.039754 0.000000 0.000000 0.039754 -0.999210 0.000000 0.000000 12.687550 33.486099 16.515841 1.000000 1.000000 0.000000 0.000000 0.000000 0.000000 1.000000 0.000000 0.000000 0.000000 0.000000 1.000000 0.000000 0.000000 0.000000 0.000000 1.000000
BB_87 robot_root_jnt _ 0.000000 0.000000 -1.000000 0.000000 0.999210 0.039754 0.000000 0.000000 0.039754 -0.999210 0.000000 0.000000 -18.654869 32.239120 -21.921049 1.000000 1.000000 0.000000 0.000000 0.000000 0.000000 1.000000 0.000000 0.000000 0.000000 0.000000 1.000000 0.000000 0.000000 0.000000 0.000000 1.000000
BB_88 robot_root_jnt _ 0.000000 0.000000 -1.000000 0.000000 0.999210 0.039754 0.000000 0.000000 0.039754 -0.999210 0.000000 0.000000 -18.654869 32.239120 16.515841 1.000000 1.000000 0.000000 0.000000 0.000000 0.000000 1.000000 0.000000 0.000000 0.000000 0.000000 1.000000 0.000000 0.000000 0.000000 0.000000 1.000000
xActor_heli1 _ _
xheli_1_root xActor_heli1 _ 0.212932 0.000000 0.977067 0.000000 -0.209838 0.976666 0.045730 0.000000 -0.954268 -0.214763 0.207964 0.000000 86.793961 19.919420 45.837059 1.000000 1.000000 0.000000 0.000000 0.000000 0.000000 1.000000 0.000000 0.000000 0.000000 0.000000 1.000000 0.000000 0.000000 0.000000 0.000000 1.000000
animatik_helicopter_1 xheli_1_root _ 1.000000 0.000000 0.000000 0.000000 0.000000 1.000000 0.000000 0.000000 0.000000 0.000000 1.000000 0.000000 0.000000 0.000000 0.000000 1.000000 1.000000 0.000000 0.000000 0.000000 0.000000 1.000000 0.000000 0.000000 0.000000 0.000000 1.000000 0.000000 0.000000 0.000000 0.000000 1.000000
animatik_helicopter_1_heli_glass animatik_helicopter_1 mesh animatik_helicopter_1_heli_glassShape heli_glass_mat_specular 1.000000 0.000000 0.000000 0.000000 0.000000 0.996129 -0.087899 0.000000 0.000000 0.087899 0.996129 0.000000 0.000000 0.000000 0.000000 1.000000 1.000000 0.000000 0.000000 0.000000 0.000000 1.000000 0.000000 0.000000 0.000000 0.000000 1.000000 0.000000 0.000000 0.000000 0.000000 1.000000
animatik_helicopter_1_animatik_helicopter_heli_L_roto animatik_helicopter_1 _ 0.989841 0.142176 0.000000 0.000000 -0.141808 0.987278 -0.071925 0.000000 -0.010226 0.071194 0.997410 0.000000 6.817244 2.845646 2.123844 1.000000 1.000000 0.000000 0.000000 0.000000 0.000000 1.000000 0.000000 0.000000 0.000000 0.000000 1.000000 0.000000 0.000000 0.000000 0.000000 1.000000
heli_L_roto_mesh animatik_helicopter_1_animatik_helicopter_heli_L_roto mesh heli_L_roto_meshShape animatik_helicopter_heli_roto 1.000000 0.000000 0.000000 0.000000 0.000000 1.000000 0.000000 0.000000 0.000000 0.000000 1.000000 0.000000 0.000000 0.000000 0.000000 1.000000 1.000000 0.000000 0.000000 0.000000 0.000000 1.000000 0.000000 0.000000 0.000000 0.000000 1.000000 0.000000 0.000000 0.000000 0.000000 1.000000
animatik_helicopter_1_animatik_helicopter_heli_R_roto animatik_helicopter_1 _ -0.984254 0.148013 0.096622 0.000000 0.141313 0.987278 -0.072889 0.000000 -0.106182 -0.058088 -0.992649 0.000000 -6.794452 2.834209 2.127720 1.000000 1.000000 0.000000 0.000000 0.000000 0.000000 1.000000 0.000000 0.000000 0.000000 0.000000 1.000000 0.000000 0.000000 0.000000 0.000000 1.000000
heli_R_roto_mesh animatik_helicopter_1_animatik_helicopter_heli_R_roto mesh heli_R_roto_meshShape animatik_helicopter_heli_roto 1.000000 0.000000 0.000000 0.000000 0.000000 1.000000 0.000000 0.000000 0.000000 0.000000 1.000000 0.000000 0.000000 0.000000 0.000000 1.000000 1.000000 0.000000 0.000000 0.000000 0.000000 1.000000 0.000000 0.000000 0.000000 0.000000 1.000000 0.000000 0.000000 0.000000 0.000000 1.000000
animatik_helicopter_1_body animatik_helicopter_1 mesh bodyShape heli_mat_specular 1.000000 0.000000 0.000000 0.000000 0.000000 0.995775 -0.091822 0.000000 0.000000 0.091822 0.995775 0.000000 0.000000 0.000000 0.000000 1.000000 1.000000 0.000000 0.000000 0.000000 0.000000 1.000000 0.000000 0.000000 0.000000 0.000000 1.000000 0.000000 0.000000 0.000000 0.000000 1.000000
pCone1_light animatik_helicopter_1_body light pCone1_lightShape 0.999428 0.016852 -0.029319 0.000000 -0.020470 -0.388651 -0.921158 0.000000 -0.026919 0.921231 -0.388083 0.000000 -0.022794 0.383339 11.062460 1.000000 1.000000 0.000000 0.000000 0.000000 0.000000 1.000000 0.000000 0.000000 0.000000 0.000000 1.000000 0.000000 0.000000 0.000000 0.000000 1.000000
heliLight_small_Back_L1 animatik_helicopter_1_body light heliLight_small_Back_L1_pointLightShape3 0.991624 -0.000793 0.129153 0.000000 -0.059230 0.885837 0.460200 0.000000 -0.114773 -0.463996 0.878371 0.000000 0.564292 6.822538 -10.979980 1.000000 1.000000 0.000000 0.000000 0.000000 0.000000 1.000000 0.000000 0.000000 0.000000 0.000000 1.000000 0.000000 0.000000 0.000000 0.000000 1.000000
heliLight_small_Center_L1 animatik_helicopter_1_body light heliLight_small_Center_L1_pointLightShape3 0.991624 -0.000793 0.129153 0.000000 -0.059230 0.885837 0.460200 0.000000 -0.114773 -0.463996 0.878371 0.000000 1.669148 3.970165 -2.601225 1.000000 1.000000 0.000000 0.000000 0.000000 0.000000 1.000000 0.000000 0.000000 0.000000 0.000000 1.000000 0.000000 0.000000 0.000000 0.000000 1.000000
heliLight_small_Center_R1 animatik_helicopter_1_body light heliLight_small_Center_R1_pointLightShape3 0.991624 -0.000793 0.129153 0.000000 -0.059230 0.885837 0.460200 0.000000 -0.114773 -0.463996 0.878371 0.000000 -1.641520 3.913951 -2.711063 1.000000 1.000000 0.000000 0.000000 0.000000 0.000000 1.000000 0.000000 0.000000 0.000000 0.000000 1.000000 0.000000 0.000000 0.000000 0.000000 1.000000
heliLight_small_Roto_L1 animatik_helicopter_1_body light heliLight_small_Roto_L1_pointLightShape3 0.991624 -0.000793 0.129153 0.000000 -0.059230 0.885837 0.460200 0.000000 -0.114773 -0.463996 0.878371 0.000000 6.703145 3.592628 2.382118 1.000000 1.000000 0.000000 0.000000 0.000000 0.000000 1.000000 0.000000 0.000000 0.000000 0.000000 1.000000 0.000000 0.000000 0.000000 0.000000 1.000000
heliLight_small_Roto_R1 animatik_helicopter_1_body light heliLight_small_Roto_R1_pointLightShape3 0.991624 -0.000793 0.129153 0.000000 -0.059230 0.885837 0.460200 0.000000 -0.114773 -0.463996 0.878371 0.000000 -6.679402 3.672198 2.353522 1.000000 1.000000 0.000000 0.000000 0.000000 0.000000 1.000000 0.000000 0.000000 0.000000 0.000000 1.000000 0.000000 0.000000 0.000000 0.000000 1.000000
